ivertices = scale*[
[13,0,-9],
[14,0,-9],
[15,0,-9],
[16,0,-9],
[17,0,-9],
[19,0,-9],
[10,0,-10],
[11,0,-10],
[12,0,-10],
[21,0,-10],
[22,0,-10],
[23,0,-10],
[8,0,-11],
[9,0,-11],
[15,0,-11],
[16,0,-11],
[17,0,-11],
[18,0,-11],
[19,0,-11],
[20,0,-11],
[21,0,-11],
[22,0,-11],
[23,0,-11],
[24,0,-11],
[25,0,-11],
[26,0,-11],
[7,0,-12],
[12,0,-12],
[13,0,-12],
[14,0,-12],
[15,0,-12],
[16,0,-12],
[17,0,-12],
[18,0,-12],
[19,0,-12],
[20,0,-12],
[21,0,-12],
[22,0,-12],
[23,0,-12],
[24,0,-12],
[25,0,-12],
[26,0,-12],
[27,0,-12],
[28,0,-12],
[10,0,-13],
[11,0,-13],
[12,0,-13],
[13,0,-13],
[14,0,-13],
[15,0,-13],
[16,0,-13],
[19,0,-13],
[20,0,-13],
[21,0,-13],
[22,0,-13],
[23,0,-13],
[24,0,-13],
[25,0,-13],
[26,0,-13],
[27,0,-13],
[28,0,-13],
[29,0,-13],
[9,0,-14],
[10,0,-14],
[13,0,-14],
[16,0,-14],
[17,0,-14],
[20,0,-14],
[21,0,-14],
[22,0,-14],
[24,0,-14],
[25,0,-14],
[26,0,-14],
[27,0,-14],
[28,0,-14],
[29,0,-14],
[30,0,-14],
[8,0,-15],
[9,0,-15],
[13,0,-15],
[16,0,-15],
[17,0,-15],
[18,0,-15],
[19,0,-15],
[22,0,-15],
[25,0,-15],
[26,0,-15],
[27,0,-15],
[28,0,-15],
[29,0,-15],
[30,0,-15],
[31,0,-15],
[7,0,-16],
[8,0,-16],
[16,0,-16],
[17,0,-16],
[18,0,-16],
[19,0,-16],
[22,0,-16],
[26,0,-16],
[27,0,-16],
[28,0,-16],
[29,0,-16],
[30,0,-16],
[31,0,-16],
[32,0,-16],
[21,0,-17],
[28,0,-17],
[29,0,-17],
[30,0,-17],
[28,0,-18],
];
iivertices = scale*[
[13,7,-9],
[14,7,-9],
[15,7,-9],
[16,7,-9],
[17,7,-9],
[19,7,-9],
[10,7,-10],
[11,7,-10],
[12,7,-10],
[21,7,-10],
[22,7,-10],
[23,7,-10],
[8,7,-11],
[9,7,-11],
[15,7,-11],
[16,7,-11],
[17,7,-11],
[18,7,-11],
[19,7,-11],
[20,7,-11],
[21,7,-11],
[22,7,-11],
[23,7,-11],
[24,7,-11],
[25,7,-11],
[26,7,-11],
[7,7,-12],
[12,7,-12],
[13,7,-12],
[14,7,-12],
[15,7,-12],
[16,7,-12],
[17,7,-12],
[18,7,-12],
[19,7,-12],
[20,7,-12],
[21,7,-12],
[22,7,-12],
[23,7,-12],
[24,7,-12],
[25,7,-12],
[26,7,-12],
[27,7,-12],
[28,7,-12],
[10,7,-13],
[11,7,-13],
[12,7,-13],
[13,7,-13],
[14,7,-13],
[15,7,-13],
[16,7,-13],
[19,7,-13],
[20,7,-13],
[21,7,-13],
[22,7,-13],
[23,7,-13],
[24,7,-13],
[25,7,-13],
[26,7,-13],
[27,7,-13],
[28,7,-13],
[29,7,-13],
[9,7,-14],
[10,7,-14],
[13,7,-14],
[16,7,-14],
[17,7,-14],
[20,7,-14],
[21,7,-14],
[22,7,-14],
[24,7,-14],
[25,7,-14],
[26,7,-14],
[27,7,-14],
[28,7,-14],
[29,7,-14],
[30,7,-14],
[8,7,-15],
[9,7,-15],
[13,7,-15],
[16,7,-15],
[17,7,-15],
[18,7,-15],
[19,7,-15],
[22,7,-15],
[25,7,-15],
[26,7,-15],
[27,7,-15],
[28,7,-15],
[29,7,-15],
[30,7,-15],
[31,7,-15],
[7,7,-16],
[8,7,-16],
[16,7,-16],
[17,7,-16],
[18,7,-16],
[19,7,-16],
[22,7,-16],
[26,7,-16],
[27,7,-16],
[28,7,-16],
[29,7,-16],
[30,7,-16],
[31,7,-16],
[32,7,-16],
[21,7,-17],
[28,7,-17],
[29,7,-17],
[30,7,-17],
[28,7,-18],
];
iiivertices = scale*[
[13,8,-9],
[14,8,-9],
[15,8,-9],
[16,8,-9],
[17,8,-9],
[19,8,-9],
[10,8,-10],
[11,8,-10],
[12,8,-10],
[21,8,-10],
[22,8,-10],
[23,8,-10],
[8,8,-11],
[9,8,-11],
[15,8,-11],
[16,8,-11],
[17,8,-11],
[18,8,-11],
[19,8,-11],
[20,8,-11],
[21,8,-11],
[22,8,-11],
[23,8,-11],
[24,8,-11],
[25,8,-11],
[26,8,-11],
[7,8,-12],
[12,8,-12],
[13,8,-12],
[14,8,-12],
[15,8,-12],
[16,8,-12],
[17,8,-12],
[18,8,-12],
[19,8,-12],
[20,8,-12],
[21,8,-12],
[22,8,-12],
[23,8,-12],
[24,8,-12],
[25,8,-12],
[26,8,-12],
[27,8,-12],
[28,8,-12],
[10,8,-13],
[11,8,-13],
[12,8,-13],
[13,8,-13],
[14,8,-13],
[15,8,-13],
[16,8,-13],
[19,8,-13],
[20,8,-13],
[21,8,-13],
[22,8,-13],
[23,8,-13],
[24,8,-13],
[25,8,-13],
[26,8,-13],
[27,8,-13],
[28,8,-13],
[29,8,-13],
[9,8,-14],
[10,8,-14],
[13,8,-14],
[16,8,-14],
[17,8,-14],
[20,8,-14],
[21,8,-14],
[22,8,-14],
[24,8,-14],
[25,8,-14],
[26,8,-14],
[27,8,-14],
[28,8,-14],
[29,8,-14],
[30,8,-14],
[8,8,-15],
[9,8,-15],
[13,8,-15],
[16,8,-15],
[17,8,-15],
[18,8,-15],
[19,8,-15],
[22,8,-15],
[25,8,-15],
[26,8,-15],
[27,8,-15],
[28,8,-15],
[29,8,-15],
[30,8,-15],
[31,8,-15],
[7,8,-16],
[8,8,-16],
[16,8,-16],
[17,8,-16],
[18,8,-16],
[19,8,-16],
[22,8,-16],
[26,8,-16],
[27,8,-16],
[28,8,-16],
[29,8,-16],
[30,8,-16],
[31,8,-16],
[32,8,-16],
[21,8,-17],
[28,8,-17],
[29,8,-17],
[30,8,-17],
[28,8,-18],
];
iiiivertices = scale*[
[13,9,-9],
[14,9,-9],
[15,9,-9],
[16,9,-9],
[17,9,-9],
[19,9,-9],
[10,9,-10],
[11,9,-10],
[12,9,-10],
[21,9,-10],
[22,9,-10],
[23,9,-10],
[8,9,-11],
[9,9,-11],
[15,9,-11],
[16,9,-11],
[17,9,-11],
[18,9,-11],
[19,9,-11],
[20,9,-11],
[21,9,-11],
[22,9,-11],
[23,9,-11],
[24,9,-11],
[25,9,-11],
[26,9,-11],
[7,9,-12],
[12,9,-12],
[13,9,-12],
[14,9,-12],
[15,9,-12],
[16,9,-12],
[17,9,-12],
[18,9,-12],
[19,9,-12],
[20,9,-12],
[21,9,-12],
[22,9,-12],
[23,9,-12],
[24,9,-12],
[25,9,-12],
[26,9,-12],
[27,9,-12],
[28,9,-12],
[10,9,-13],
[11,9,-13],
[12,9,-13],
[13,9,-13],
[14,9,-13],
[15,9,-13],
[16,9,-13],
[19,9,-13],
[20,9,-13],
[21,9,-13],
[22,9,-13],
[23,9,-13],
[24,9,-13],
[25,9,-13],
[26,9,-13],
[27,9,-13],
[28,9,-13],
[29,9,-13],
[9,9,-14],
[10,9,-14],
[13,9,-14],
[16,9,-14],
[17,9,-14],
[20,9,-14],
[21,9,-14],
[22,9,-14],
[24,9,-14],
[25,9,-14],
[26,9,-14],
[27,9,-14],
[28,9,-14],
[29,9,-14],
[30,9,-14],
[8,9,-15],
[9,9,-15],
[13,9,-15],
[16,9,-15],
[17,9,-15],
[18,9,-15],
[19,9,-15],
[22,9,-15],
[25,9,-15],
[26,9,-15],
[27,9,-15],
[28,9,-15],
[29,9,-15],
[30,9,-15],
[31,9,-15],
[7,9,-16],
[8,9,-16],
[16,9,-16],
[17,9,-16],
[18,9,-16],
[19,9,-16],
[22,9,-16],
[26,9,-16],
[27,9,-16],
[28,9,-16],
[29,9,-16],
[30,9,-16],
[31,9,-16],
[32,9,-16],
[21,9,-17],
[28,9,-17],
[29,9,-17],
[30,9,-17],
[28,9,-18],
];
iiiiivertices = scale*[
[13,10,-9],
[14,10,-9],
[15,10,-9],
[16,10,-9],
[17,10,-9],
[19,10,-9],
[10,10,-10],
[11,10,-10],
[12,10,-10],
[21,10,-10],
[22,10,-10],
[23,10,-10],
[8,10,-11],
[9,10,-11],
[15,10,-11],
[16,10,-11],
[17,10,-11],
[18,10,-11],
[19,10,-11],
[20,10,-11],
[21,10,-11],
[22,10,-11],
[23,10,-11],
[24,10,-11],
[25,10,-11],
[26,10,-11],
[7,10,-12],
[12,10,-12],
[13,10,-12],
[14,10,-12],
[15,10,-12],
[16,10,-12],
[17,10,-12],
[18,10,-12],
[19,10,-12],
[20,10,-12],
[21,10,-12],
[22,10,-12],
[23,10,-12],
[24,10,-12],
[25,10,-12],
[26,10,-12],
[27,10,-12],
[28,10,-12],
[10,10,-13],
[11,10,-13],
[12,10,-13],
[13,10,-13],
[14,10,-13],
[15,10,-13],
[16,10,-13],
[19,10,-13],
[20,10,-13],
[21,10,-13],
[22,10,-13],
[23,10,-13],
[24,10,-13],
[25,10,-13],
[26,10,-13],
[27,10,-13],
[28,10,-13],
[29,10,-13],
[9,10,-14],
[10,10,-14],
[13,10,-14],
[16,10,-14],
[17,10,-14],
[20,10,-14],
[21,10,-14],
[22,10,-14],
[24,10,-14],
[25,10,-14],
[26,10,-14],
[27,10,-14],
[28,10,-14],
[29,10,-14],
[30,10,-14],
[8,10,-15],
[9,10,-15],
[13,10,-15],
[16,10,-15],
[17,10,-15],
[18,10,-15],
[19,10,-15],
[22,10,-15],
[25,10,-15],
[26,10,-15],
[27,10,-15],
[28,10,-15],
[29,10,-15],
[30,10,-15],
[31,10,-15],
[7,10,-16],
[8,10,-16],
[16,10,-16],
[17,10,-16],
[18,10,-16],
[19,10,-16],
[22,10,-16],
[26,10,-16],
[27,10,-16],
[28,10,-16],
[29,10,-16],
[30,10,-16],
[31,10,-16],
[32,10,-16],
[21,10,-17],
[28,10,-17],
[29,10,-17],
[30,10,-17],
[28,10,-18],
];
iiiiiivertices = scale*[
[13,11,-9],
[14,11,-9],
[15,11,-9],
[16,11,-9],
[17,11,-9],
[19,11,-9],
[10,11,-10],
[11,11,-10],
[12,11,-10],
[21,11,-10],
[22,11,-10],
[23,11,-10],
[8,11,-11],
[9,11,-11],
[15,11,-11],
[16,11,-11],
[17,11,-11],
[18,11,-11],
[19,11,-11],
[20,11,-11],
[21,11,-11],
[22,11,-11],
[23,11,-11],
[24,11,-11],
[25,11,-11],
[26,11,-11],
[7,11,-12],
[12,11,-12],
[13,11,-12],
[14,11,-12],
[15,11,-12],
[16,11,-12],
[17,11,-12],
[18,11,-12],
[19,11,-12],
[20,11,-12],
[21,11,-12],
[22,11,-12],
[23,11,-12],
[24,11,-12],
[25,11,-12],
[26,11,-12],
[27,11,-12],
[28,11,-12],
[10,11,-13],
[11,11,-13],
[12,11,-13],
[13,11,-13],
[14,11,-13],
[15,11,-13],
[16,11,-13],
[19,11,-13],
[20,11,-13],
[21,11,-13],
[22,11,-13],
[23,11,-13],
[24,11,-13],
[25,11,-13],
[26,11,-13],
[27,11,-13],
[28,11,-13],
[29,11,-13],
[9,11,-14],
[10,11,-14],
[13,11,-14],
[16,11,-14],
[17,11,-14],
[20,11,-14],
[21,11,-14],
[22,11,-14],
[24,11,-14],
[25,11,-14],
[26,11,-14],
[27,11,-14],
[28,11,-14],
[29,11,-14],
[30,11,-14],
[8,11,-15],
[9,11,-15],
[13,11,-15],
[16,11,-15],
[17,11,-15],
[18,11,-15],
[19,11,-15],
[22,11,-15],
[25,11,-15],
[26,11,-15],
[27,11,-15],
[28,11,-15],
[29,11,-15],
[30,11,-15],
[31,11,-15],
[7,11,-16],
[8,11,-16],
[16,11,-16],
[17,11,-16],
[18,11,-16],
[19,11,-16],
[22,11,-16],
[26,11,-16],
[27,11,-16],
[28,11,-16],
[29,11,-16],
[30,11,-16],
[31,11,-16],
[32,11,-16],
[21,11,-17],
[28,11,-17],
[29,11,-17],
[30,11,-17],
[28,11,-18],
];
iiiiiiivertices = scale*[
[13,12,-9],
[14,12,-9],
[15,12,-9],
[16,12,-9],
[17,12,-9],
[19,12,-9],
[10,12,-10],
[11,12,-10],
[12,12,-10],
[21,12,-10],
[22,12,-10],
[23,12,-10],
[8,12,-11],
[9,12,-11],
[15,12,-11],
[16,12,-11],
[17,12,-11],
[18,12,-11],
[19,12,-11],
[20,12,-11],
[21,12,-11],
[22,12,-11],
[23,12,-11],
[24,12,-11],
[25,12,-11],
[26,12,-11],
[7,12,-12],
[12,12,-12],
[13,12,-12],
[14,12,-12],
[15,12,-12],
[16,12,-12],
[17,12,-12],
[18,12,-12],
[19,12,-12],
[20,12,-12],
[21,12,-12],
[22,12,-12],
[23,12,-12],
[24,12,-12],
[25,12,-12],
[26,12,-12],
[27,12,-12],
[28,12,-12],
[10,12,-13],
[11,12,-13],
[12,12,-13],
[13,12,-13],
[14,12,-13],
[15,12,-13],
[16,12,-13],
[19,12,-13],
[20,12,-13],
[21,12,-13],
[22,12,-13],
[23,12,-13],
[24,12,-13],
[25,12,-13],
[26,12,-13],
[27,12,-13],
[28,12,-13],
[29,12,-13],
[9,12,-14],
[10,12,-14],
[13,12,-14],
[16,12,-14],
[17,12,-14],
[20,12,-14],
[21,12,-14],
[22,12,-14],
[24,12,-14],
[25,12,-14],
[26,12,-14],
[27,12,-14],
[28,12,-14],
[29,12,-14],
[30,12,-14],
[8,12,-15],
[9,12,-15],
[13,12,-15],
[16,12,-15],
[17,12,-15],
[18,12,-15],
[19,12,-15],
[22,12,-15],
[25,12,-15],
[26,12,-15],
[27,12,-15],
[28,12,-15],
[29,12,-15],
[30,12,-15],
[31,12,-15],
[7,12,-16],
[8,12,-16],
[16,12,-16],
[17,12,-16],
[18,12,-16],
[19,12,-16],
[22,12,-16],
[26,12,-16],
[27,12,-16],
[28,12,-16],
[29,12,-16],
[30,12,-16],
[31,12,-16],
[32,12,-16],
[21,12,-17],
[28,12,-17],
[29,12,-17],
[30,12,-17],
[28,12,-18],
];
iiiiiiiivertices = scale*[
[13,13,-9],
[14,13,-9],
[15,13,-9],
[16,13,-9],
[17,13,-9],
[19,13,-9],
[10,13,-10],
[11,13,-10],
[12,13,-10],
[21,13,-10],
[22,13,-10],
[23,13,-10],
[8,13,-11],
[9,13,-11],
[15,13,-11],
[16,13,-11],
[17,13,-11],
[18,13,-11],
[19,13,-11],
[20,13,-11],
[21,13,-11],
[22,13,-11],
[23,13,-11],
[24,13,-11],
[25,13,-11],
[26,13,-11],
[7,13,-12],
[12,13,-12],
[13,13,-12],
[14,13,-12],
[15,13,-12],
[16,13,-12],
[17,13,-12],
[18,13,-12],
[19,13,-12],
[20,13,-12],
[21,13,-12],
[22,13,-12],
[23,13,-12],
[24,13,-12],
[25,13,-12],
[26,13,-12],
[27,13,-12],
[28,13,-12],
[10,13,-13],
[11,13,-13],
[12,13,-13],
[13,13,-13],
[14,13,-13],
[15,13,-13],
[16,13,-13],
[19,13,-13],
[20,13,-13],
[21,13,-13],
[22,13,-13],
[23,13,-13],
[24,13,-13],
[25,13,-13],
[26,13,-13],
[27,13,-13],
[28,13,-13],
[29,13,-13],
[9,13,-14],
[10,13,-14],
[13,13,-14],
[16,13,-14],
[17,13,-14],
[20,13,-14],
[21,13,-14],
[22,13,-14],
[24,13,-14],
[25,13,-14],
[26,13,-14],
[27,13,-14],
[28,13,-14],
[29,13,-14],
[30,13,-14],
[8,13,-15],
[9,13,-15],
[13,13,-15],
[16,13,-15],
[17,13,-15],
[18,13,-15],
[19,13,-15],
[22,13,-15],
[25,13,-15],
[26,13,-15],
[27,13,-15],
[28,13,-15],
[29,13,-15],
[30,13,-15],
[31,13,-15],
[7,13,-16],
[8,13,-16],
[16,13,-16],
[17,13,-16],
[18,13,-16],
[19,13,-16],
[22,13,-16],
[26,13,-16],
[27,13,-16],
[28,13,-16],
[29,13,-16],
[30,13,-16],
[31,13,-16],
[32,13,-16],
[21,13,-17],
[28,13,-17],
[29,13,-17],
[30,13,-17],
[28,13,-18],
];
iiiiiiiiivertices = scale*[
[13,14,-9],
[14,14,-9],
[15,14,-9],
[16,14,-9],
[17,14,-9],
[19,14,-9],
[10,14,-10],
[11,14,-10],
[12,14,-10],
[21,14,-10],
[22,14,-10],
[23,14,-10],
[8,14,-11],
[9,14,-11],
[15,14,-11],
[16,14,-11],
[17,14,-11],
[18,14,-11],
[19,14,-11],
[20,14,-11],
[21,14,-11],
[22,14,-11],
[23,14,-11],
[24,14,-11],
[25,14,-11],
[26,14,-11],
[7,14,-12],
[12,14,-12],
[13,14,-12],
[14,14,-12],
[15,14,-12],
[16,14,-12],
[17,14,-12],
[18,14,-12],
[19,14,-12],
[20,14,-12],
[21,14,-12],
[22,14,-12],
[23,14,-12],
[24,14,-12],
[25,14,-12],
[26,14,-12],
[27,14,-12],
[28,14,-12],
[10,14,-13],
[11,14,-13],
[12,14,-13],
[13,14,-13],
[14,14,-13],
[15,14,-13],
[16,14,-13],
[19,14,-13],
[20,14,-13],
[21,14,-13],
[22,14,-13],
[23,14,-13],
[24,14,-13],
[25,14,-13],
[26,14,-13],
[27,14,-13],
[28,14,-13],
[29,14,-13],
[9,14,-14],
[10,14,-14],
[13,14,-14],
[16,14,-14],
[17,14,-14],
[20,14,-14],
[21,14,-14],
[22,14,-14],
[24,14,-14],
[25,14,-14],
[26,14,-14],
[27,14,-14],
[28,14,-14],
[29,14,-14],
[30,14,-14],
[8,14,-15],
[9,14,-15],
[13,14,-15],
[16,14,-15],
[17,14,-15],
[18,14,-15],
[19,14,-15],
[22,14,-15],
[25,14,-15],
[26,14,-15],
[27,14,-15],
[28,14,-15],
[29,14,-15],
[30,14,-15],
[31,14,-15],
[7,14,-16],
[8,14,-16],
[16,14,-16],
[17,14,-16],
[18,14,-16],
[19,14,-16],
[22,14,-16],
[26,14,-16],
[27,14,-16],
[28,14,-16],
[29,14,-16],
[30,14,-16],
[31,14,-16],
[32,14,-16],
[21,14,-17],
[28,14,-17],
[29,14,-17],
[30,14,-17],
[28,14,-18],
];
iiiiiiiiiivertices = scale*[
[13,15,-9],
[14,15,-9],
[15,15,-9],
[16,15,-9],
[17,15,-9],
[19,15,-9],
[10,15,-10],
[11,15,-10],
[12,15,-10],
[21,15,-10],
[22,15,-10],
[23,15,-10],
[8,15,-11],
[9,15,-11],
[15,15,-11],
[16,15,-11],
[17,15,-11],
[18,15,-11],
[19,15,-11],
[20,15,-11],
[21,15,-11],
[22,15,-11],
[23,15,-11],
[24,15,-11],
[25,15,-11],
[26,15,-11],
[7,15,-12],
[12,15,-12],
[13,15,-12],
[14,15,-12],
[15,15,-12],
[16,15,-12],
[17,15,-12],
[18,15,-12],
[19,15,-12],
[20,15,-12],
[21,15,-12],
[22,15,-12],
[23,15,-12],
[24,15,-12],
[25,15,-12],
[26,15,-12],
[27,15,-12],
[28,15,-12],
[10,15,-13],
[11,15,-13],
[12,15,-13],
[13,15,-13],
[14,15,-13],
[15,15,-13],
[16,15,-13],
[19,15,-13],
[20,15,-13],
[21,15,-13],
[22,15,-13],
[23,15,-13],
[24,15,-13],
[25,15,-13],
[26,15,-13],
[27,15,-13],
[28,15,-13],
[29,15,-13],
[9,15,-14],
[10,15,-14],
[13,15,-14],
[16,15,-14],
[17,15,-14],
[20,15,-14],
[21,15,-14],
[22,15,-14],
[24,15,-14],
[25,15,-14],
[26,15,-14],
[27,15,-14],
[28,15,-14],
[29,15,-14],
[30,15,-14],
[8,15,-15],
[9,15,-15],
[13,15,-15],
[16,15,-15],
[17,15,-15],
[18,15,-15],
[19,15,-15],
[22,15,-15],
[25,15,-15],
[26,15,-15],
[27,15,-15],
[28,15,-15],
[29,15,-15],
[30,15,-15],
[31,15,-15],
[7,15,-16],
[8,15,-16],
[16,15,-16],
[17,15,-16],
[18,15,-16],
[19,15,-16],
[22,15,-16],
[26,15,-16],
[27,15,-16],
[28,15,-16],
[29,15,-16],
[30,15,-16],
[31,15,-16],
[32,15,-16],
[21,15,-17],
[28,15,-17],
[29,15,-17],
[30,15,-17],
[28,15,-18],
];
iiiiiiiiiiivertices = scale*[
[13,16,-9],
[14,16,-9],
[15,16,-9],
[16,16,-9],
[17,16,-9],
[19,16,-9],
[10,16,-10],
[11,16,-10],
[12,16,-10],
[21,16,-10],
[22,16,-10],
[23,16,-10],
[8,16,-11],
[9,16,-11],
[15,16,-11],
[16,16,-11],
[17,16,-11],
[18,16,-11],
[19,16,-11],
[20,16,-11],
[21,16,-11],
[22,16,-11],
[23,16,-11],
[24,16,-11],
[25,16,-11],
[26,16,-11],
[7,16,-12],
[12,16,-12],
[13,16,-12],
[14,16,-12],
[15,16,-12],
[16,16,-12],
[17,16,-12],
[18,16,-12],
[19,16,-12],
[20,16,-12],
[21,16,-12],
[22,16,-12],
[23,16,-12],
[24,16,-12],
[25,16,-12],
[26,16,-12],
[27,16,-12],
[28,16,-12],
[10,16,-13],
[11,16,-13],
[12,16,-13],
[13,16,-13],
[14,16,-13],
[15,16,-13],
[16,16,-13],
[19,16,-13],
[20,16,-13],
[21,16,-13],
[22,16,-13],
[23,16,-13],
[24,16,-13],
[25,16,-13],
[26,16,-13],
[27,16,-13],
[28,16,-13],
[29,16,-13],
[9,16,-14],
[10,16,-14],
[13,16,-14],
[16,16,-14],
[17,16,-14],
[20,16,-14],
[21,16,-14],
[22,16,-14],
[24,16,-14],
[25,16,-14],
[26,16,-14],
[27,16,-14],
[28,16,-14],
[29,16,-14],
[30,16,-14],
[8,16,-15],
[9,16,-15],
[13,16,-15],
[16,16,-15],
[17,16,-15],
[18,16,-15],
[19,16,-15],
[22,16,-15],
[25,16,-15],
[26,16,-15],
[27,16,-15],
[28,16,-15],
[29,16,-15],
[30,16,-15],
[31,16,-15],
[7,16,-16],
[8,16,-16],
[16,16,-16],
[17,16,-16],
[18,16,-16],
[19,16,-16],
[22,16,-16],
[26,16,-16],
[27,16,-16],
[28,16,-16],
[29,16,-16],
[30,16,-16],
[31,16,-16],
[32,16,-16],
[21,16,-17],
[28,16,-17],
[29,16,-17],
[30,16,-17],
[28,16,-18],
];
iiiiiiiiiiiivertices = scale*[
[13,17,-9],
[14,17,-9],
[15,17,-9],
[16,17,-9],
[17,17,-9],
[19,17,-9],
[10,17,-10],
[11,17,-10],
[12,17,-10],
[21,17,-10],
[22,17,-10],
[23,17,-10],
[8,17,-11],
[9,17,-11],
[15,17,-11],
[16,17,-11],
[17,17,-11],
[18,17,-11],
[19,17,-11],
[20,17,-11],
[21,17,-11],
[22,17,-11],
[23,17,-11],
[24,17,-11],
[25,17,-11],
[26,17,-11],
[7,17,-12],
[12,17,-12],
[13,17,-12],
[14,17,-12],
[15,17,-12],
[16,17,-12],
[17,17,-12],
[18,17,-12],
[19,17,-12],
[20,17,-12],
[21,17,-12],
[22,17,-12],
[23,17,-12],
[24,17,-12],
[25,17,-12],
[26,17,-12],
[27,17,-12],
[28,17,-12],
[10,17,-13],
[11,17,-13],
[12,17,-13],
[13,17,-13],
[14,17,-13],
[15,17,-13],
[16,17,-13],
[19,17,-13],
[20,17,-13],
[21,17,-13],
[22,17,-13],
[23,17,-13],
[24,17,-13],
[25,17,-13],
[26,17,-13],
[27,17,-13],
[28,17,-13],
[29,17,-13],
[9,17,-14],
[10,17,-14],
[13,17,-14],
[16,17,-14],
[17,17,-14],
[20,17,-14],
[21,17,-14],
[22,17,-14],
[24,17,-14],
[25,17,-14],
[26,17,-14],
[27,17,-14],
[28,17,-14],
[29,17,-14],
[30,17,-14],
[8,17,-15],
[9,17,-15],
[13,17,-15],
[16,17,-15],
[17,17,-15],
[18,17,-15],
[19,17,-15],
[22,17,-15],
[25,17,-15],
[26,17,-15],
[27,17,-15],
[28,17,-15],
[29,17,-15],
[30,17,-15],
[31,17,-15],
[7,17,-16],
[8,17,-16],
[16,17,-16],
[17,17,-16],
[18,17,-16],
[19,17,-16],
[22,17,-16],
[26,17,-16],
[27,17,-16],
[28,17,-16],
[29,17,-16],
[30,17,-16],
[31,17,-16],
[32,17,-16],
[21,17,-17],
[28,17,-17],
[29,17,-17],
[30,17,-17],
[28,17,-18],
];
iiiiiiiiiiiiivertices = scale*[
[13,18,-9],
[14,18,-9],
[15,18,-9],
[16,18,-9],
[17,18,-9],
[19,18,-9],
[10,18,-10],
[11,18,-10],
[12,18,-10],
[21,18,-10],
[22,18,-10],
[23,18,-10],
[8,18,-11],
[9,18,-11],
[15,18,-11],
[16,18,-11],
[17,18,-11],
[18,18,-11],
[19,18,-11],
[20,18,-11],
[21,18,-11],
[22,18,-11],
[23,18,-11],
[24,18,-11],
[25,18,-11],
[26,18,-11],
[7,18,-12],
[12,18,-12],
[13,18,-12],
[14,18,-12],
[15,18,-12],
[16,18,-12],
[17,18,-12],
[18,18,-12],
[19,18,-12],
[20,18,-12],
[21,18,-12],
[22,18,-12],
[23,18,-12],
[24,18,-12],
[25,18,-12],
[26,18,-12],
[27,18,-12],
[28,18,-12],
[10,18,-13],
[11,18,-13],
[12,18,-13],
[13,18,-13],
[14,18,-13],
[15,18,-13],
[16,18,-13],
[19,18,-13],
[20,18,-13],
[21,18,-13],
[22,18,-13],
[23,18,-13],
[24,18,-13],
[25,18,-13],
[26,18,-13],
[27,18,-13],
[28,18,-13],
[29,18,-13],
[9,18,-14],
[10,18,-14],
[13,18,-14],
[16,18,-14],
[17,18,-14],
[20,18,-14],
[21,18,-14],
[22,18,-14],
[24,18,-14],
[25,18,-14],
[26,18,-14],
[27,18,-14],
[28,18,-14],
[29,18,-14],
[30,18,-14],
[8,18,-15],
[9,18,-15],
[13,18,-15],
[16,18,-15],
[17,18,-15],
[18,18,-15],
[19,18,-15],
[22,18,-15],
[25,18,-15],
[26,18,-15],
[27,18,-15],
[28,18,-15],
[29,18,-15],
[30,18,-15],
[31,18,-15],
[7,18,-16],
[8,18,-16],
[16,18,-16],
[17,18,-16],
[18,18,-16],
[19,18,-16],
[22,18,-16],
[26,18,-16],
[27,18,-16],
[28,18,-16],
[29,18,-16],
[30,18,-16],
[31,18,-16],
[32,18,-16],
[21,18,-17],
[28,18,-17],
[29,18,-17],
[30,18,-17],
[28,18,-18],
];
iiiiiiiiiiiiiivertices = scale*[
[13,19,-9],
[14,19,-9],
[15,19,-9],
[16,19,-9],
[17,19,-9],
[19,19,-9],
[10,19,-10],
[11,19,-10],
[12,19,-10],
[21,19,-10],
[22,19,-10],
[23,19,-10],
[8,19,-11],
[9,19,-11],
[15,19,-11],
[16,19,-11],
[17,19,-11],
[18,19,-11],
[19,19,-11],
[20,19,-11],
[21,19,-11],
[22,19,-11],
[23,19,-11],
[24,19,-11],
[25,19,-11],
[26,19,-11],
[7,19,-12],
[12,19,-12],
[13,19,-12],
[14,19,-12],
[15,19,-12],
[16,19,-12],
[17,19,-12],
[18,19,-12],
[19,19,-12],
[20,19,-12],
[21,19,-12],
[22,19,-12],
[23,19,-12],
[24,19,-12],
[25,19,-12],
[26,19,-12],
[27,19,-12],
[28,19,-12],
[10,19,-13],
[11,19,-13],
[12,19,-13],
[13,19,-13],
[14,19,-13],
[15,19,-13],
[16,19,-13],
[19,19,-13],
[20,19,-13],
[21,19,-13],
[22,19,-13],
[23,19,-13],
[24,19,-13],
[25,19,-13],
[26,19,-13],
[27,19,-13],
[28,19,-13],
[29,19,-13],
[9,19,-14],
[10,19,-14],
[13,19,-14],
[16,19,-14],
[17,19,-14],
[20,19,-14],
[21,19,-14],
[22,19,-14],
[24,19,-14],
[25,19,-14],
[26,19,-14],
[27,19,-14],
[28,19,-14],
[29,19,-14],
[30,19,-14],
[8,19,-15],
[9,19,-15],
[13,19,-15],
[16,19,-15],
[17,19,-15],
[18,19,-15],
[19,19,-15],
[22,19,-15],
[25,19,-15],
[26,19,-15],
[27,19,-15],
[28,19,-15],
[29,19,-15],
[30,19,-15],
[31,19,-15],
[7,19,-16],
[8,19,-16],
[16,19,-16],
[17,19,-16],
[18,19,-16],
[19,19,-16],
[22,19,-16],
[26,19,-16],
[27,19,-16],
[28,19,-16],
[29,19,-16],
[30,19,-16],
[31,19,-16],
[32,19,-16],
[21,19,-17],
[28,19,-17],
[29,19,-17],
[30,19,-17],
[28,19,-18],
];
iiiiiiiiiiiiiiivertices = scale*[
[13,20,-9],
[14,20,-9],
[15,20,-9],
[16,20,-9],
[17,20,-9],
[19,20,-9],
[10,20,-10],
[11,20,-10],
[12,20,-10],
[21,20,-10],
[22,20,-10],
[23,20,-10],
[8,20,-11],
[9,20,-11],
[15,20,-11],
[16,20,-11],
[17,20,-11],
[18,20,-11],
[19,20,-11],
[20,20,-11],
[21,20,-11],
[22,20,-11],
[23,20,-11],
[24,20,-11],
[25,20,-11],
[26,20,-11],
[7,20,-12],
[12,20,-12],
[13,20,-12],
[14,20,-12],
[15,20,-12],
[16,20,-12],
[17,20,-12],
[18,20,-12],
[19,20,-12],
[20,20,-12],
[21,20,-12],
[22,20,-12],
[23,20,-12],
[24,20,-12],
[25,20,-12],
[26,20,-12],
[27,20,-12],
[28,20,-12],
[10,20,-13],
[11,20,-13],
[12,20,-13],
[13,20,-13],
[14,20,-13],
[15,20,-13],
[16,20,-13],
[19,20,-13],
[20,20,-13],
[21,20,-13],
[22,20,-13],
[23,20,-13],
[24,20,-13],
[25,20,-13],
[26,20,-13],
[27,20,-13],
[28,20,-13],
[29,20,-13],
[9,20,-14],
[10,20,-14],
[13,20,-14],
[16,20,-14],
[17,20,-14],
[20,20,-14],
[21,20,-14],
[22,20,-14],
[24,20,-14],
[25,20,-14],
[26,20,-14],
[27,20,-14],
[28,20,-14],
[29,20,-14],
[30,20,-14],
[8,20,-15],
[9,20,-15],
[13,20,-15],
[16,20,-15],
[17,20,-15],
[18,20,-15],
[19,20,-15],
[22,20,-15],
[25,20,-15],
[26,20,-15],
[27,20,-15],
[28,20,-15],
[29,20,-15],
[30,20,-15],
[31,20,-15],
[7,20,-16],
[8,20,-16],
[16,20,-16],
[17,20,-16],
[18,20,-16],
[19,20,-16],
[22,20,-16],
[26,20,-16],
[27,20,-16],
[28,20,-16],
[29,20,-16],
[30,20,-16],
[31,20,-16],
[32,20,-16],
[21,20,-17],
[28,20,-17],
[29,20,-17],
[30,20,-17],
[28,20,-18],
];
iiiiiiiiiiiiiiiivertices = scale*[
[13,21,-9],
[14,21,-9],
[15,21,-9],
[16,21,-9],
[17,21,-9],
[19,21,-9],
[10,21,-10],
[11,21,-10],
[12,21,-10],
[21,21,-10],
[22,21,-10],
[23,21,-10],
[8,21,-11],
[9,21,-11],
[15,21,-11],
[16,21,-11],
[17,21,-11],
[18,21,-11],
[19,21,-11],
[20,21,-11],
[21,21,-11],
[22,21,-11],
[23,21,-11],
[24,21,-11],
[25,21,-11],
[26,21,-11],
[7,21,-12],
[12,21,-12],
[13,21,-12],
[14,21,-12],
[15,21,-12],
[16,21,-12],
[17,21,-12],
[18,21,-12],
[19,21,-12],
[20,21,-12],
[21,21,-12],
[22,21,-12],
[23,21,-12],
[24,21,-12],
[25,21,-12],
[26,21,-12],
[27,21,-12],
[28,21,-12],
[10,21,-13],
[11,21,-13],
[12,21,-13],
[13,21,-13],
[14,21,-13],
[15,21,-13],
[16,21,-13],
[19,21,-13],
[20,21,-13],
[21,21,-13],
[22,21,-13],
[23,21,-13],
[24,21,-13],
[25,21,-13],
[26,21,-13],
[27,21,-13],
[28,21,-13],
[29,21,-13],
[9,21,-14],
[10,21,-14],
[13,21,-14],
[16,21,-14],
[17,21,-14],
[20,21,-14],
[21,21,-14],
[22,21,-14],
[24,21,-14],
[25,21,-14],
[26,21,-14],
[27,21,-14],
[28,21,-14],
[29,21,-14],
[30,21,-14],
[8,21,-15],
[9,21,-15],
[13,21,-15],
[16,21,-15],
[17,21,-15],
[18,21,-15],
[19,21,-15],
[22,21,-15],
[25,21,-15],
[26,21,-15],
[27,21,-15],
[28,21,-15],
[29,21,-15],
[30,21,-15],
[31,21,-15],
[7,21,-16],
[8,21,-16],
[16,21,-16],
[17,21,-16],
[18,21,-16],
[19,21,-16],
[22,21,-16],
[26,21,-16],
[27,21,-16],
[28,21,-16],
[29,21,-16],
[30,21,-16],
[31,21,-16],
[32,21,-16],
[21,21,-17],
[28,21,-17],
[29,21,-17],
[30,21,-17],
[28,21,-18],
];
iiiiiiiiiiiiiiiiivertices = scale*[
[13,22,-9],
[14,22,-9],
[15,22,-9],
[16,22,-9],
[17,22,-9],
[19,22,-9],
[10,22,-10],
[11,22,-10],
[12,22,-10],
[21,22,-10],
[22,22,-10],
[23,22,-10],
[8,22,-11],
[9,22,-11],
[15,22,-11],
[16,22,-11],
[17,22,-11],
[18,22,-11],
[19,22,-11],
[20,22,-11],
[21,22,-11],
[22,22,-11],
[23,22,-11],
[24,22,-11],
[25,22,-11],
[26,22,-11],
[7,22,-12],
[12,22,-12],
[13,22,-12],
[14,22,-12],
[15,22,-12],
[16,22,-12],
[17,22,-12],
[18,22,-12],
[19,22,-12],
[20,22,-12],
[21,22,-12],
[22,22,-12],
[23,22,-12],
[24,22,-12],
[25,22,-12],
[26,22,-12],
[27,22,-12],
[28,22,-12],
[10,22,-13],
[11,22,-13],
[12,22,-13],
[13,22,-13],
[14,22,-13],
[15,22,-13],
[16,22,-13],
[19,22,-13],
[20,22,-13],
[21,22,-13],
[22,22,-13],
[23,22,-13],
[24,22,-13],
[25,22,-13],
[26,22,-13],
[27,22,-13],
[28,22,-13],
[29,22,-13],
[9,22,-14],
[10,22,-14],
[13,22,-14],
[16,22,-14],
[17,22,-14],
[20,22,-14],
[21,22,-14],
[22,22,-14],
[24,22,-14],
[25,22,-14],
[26,22,-14],
[27,22,-14],
[28,22,-14],
[29,22,-14],
[30,22,-14],
[8,22,-15],
[9,22,-15],
[13,22,-15],
[16,22,-15],
[17,22,-15],
[18,22,-15],
[19,22,-15],
[22,22,-15],
[25,22,-15],
[26,22,-15],
[27,22,-15],
[28,22,-15],
[29,22,-15],
[30,22,-15],
[31,22,-15],
[7,22,-16],
[8,22,-16],
[16,22,-16],
[17,22,-16],
[18,22,-16],
[19,22,-16],
[22,22,-16],
[26,22,-16],
[27,22,-16],
[28,22,-16],
[29,22,-16],
[30,22,-16],
[31,22,-16],
[32,22,-16],
[21,22,-17],
[28,22,-17],
[29,22,-17],
[30,22,-17],
[28,22,-18],
];
iiiiiiiiiiiiiiiiiivertices = scale*[
[13,23,-9],
[14,23,-9],
[15,23,-9],
[16,23,-9],
[17,23,-9],
[19,23,-9],
[10,23,-10],
[11,23,-10],
[12,23,-10],
[21,23,-10],
[22,23,-10],
[23,23,-10],
[8,23,-11],
[9,23,-11],
[15,23,-11],
[16,23,-11],
[17,23,-11],
[18,23,-11],
[19,23,-11],
[20,23,-11],
[21,23,-11],
[22,23,-11],
[23,23,-11],
[24,23,-11],
[25,23,-11],
[26,23,-11],
[7,23,-12],
[12,23,-12],
[13,23,-12],
[14,23,-12],
[15,23,-12],
[16,23,-12],
[17,23,-12],
[18,23,-12],
[19,23,-12],
[20,23,-12],
[21,23,-12],
[22,23,-12],
[23,23,-12],
[24,23,-12],
[25,23,-12],
[26,23,-12],
[27,23,-12],
[28,23,-12],
[10,23,-13],
[11,23,-13],
[12,23,-13],
[13,23,-13],
[14,23,-13],
[15,23,-13],
[16,23,-13],
[19,23,-13],
[20,23,-13],
[21,23,-13],
[22,23,-13],
[23,23,-13],
[24,23,-13],
[25,23,-13],
[26,23,-13],
[27,23,-13],
[28,23,-13],
[29,23,-13],
[9,23,-14],
[10,23,-14],
[13,23,-14],
[16,23,-14],
[17,23,-14],
[20,23,-14],
[21,23,-14],
[22,23,-14],
[24,23,-14],
[25,23,-14],
[26,23,-14],
[27,23,-14],
[28,23,-14],
[29,23,-14],
[30,23,-14],
[8,23,-15],
[9,23,-15],
[13,23,-15],
[16,23,-15],
[17,23,-15],
[18,23,-15],
[19,23,-15],
[22,23,-15],
[25,23,-15],
[26,23,-15],
[27,23,-15],
[28,23,-15],
[29,23,-15],
[30,23,-15],
[31,23,-15],
[7,23,-16],
[8,23,-16],
[16,23,-16],
[17,23,-16],
[18,23,-16],
[19,23,-16],
[22,23,-16],
[26,23,-16],
[27,23,-16],
[28,23,-16],
[29,23,-16],
[30,23,-16],
[31,23,-16],
[32,23,-16],
[21,23,-17],
[28,23,-17],
[29,23,-17],
[30,23,-17],
[28,23,-18],
];
iiiiiiiiiiiiiiiiiiivertices = scale*[
[13,24,-9],
[14,24,-9],
[15,24,-9],
[16,24,-9],
[17,24,-9],
[19,24,-9],
[10,24,-10],
[11,24,-10],
[12,24,-10],
[21,24,-10],
[22,24,-10],
[23,24,-10],
[8,24,-11],
[9,24,-11],
[15,24,-11],
[16,24,-11],
[17,24,-11],
[18,24,-11],
[19,24,-11],
[20,24,-11],
[21,24,-11],
[22,24,-11],
[23,24,-11],
[24,24,-11],
[25,24,-11],
[26,24,-11],
[7,24,-12],
[12,24,-12],
[13,24,-12],
[14,24,-12],
[15,24,-12],
[16,24,-12],
[17,24,-12],
[18,24,-12],
[19,24,-12],
[20,24,-12],
[21,24,-12],
[22,24,-12],
[23,24,-12],
[24,24,-12],
[25,24,-12],
[26,24,-12],
[27,24,-12],
[28,24,-12],
[10,24,-13],
[11,24,-13],
[12,24,-13],
[13,24,-13],
[14,24,-13],
[15,24,-13],
[16,24,-13],
[19,24,-13],
[20,24,-13],
[21,24,-13],
[22,24,-13],
[23,24,-13],
[24,24,-13],
[25,24,-13],
[26,24,-13],
[27,24,-13],
[28,24,-13],
[29,24,-13],
[9,24,-14],
[10,24,-14],
[13,24,-14],
[16,24,-14],
[17,24,-14],
[20,24,-14],
[21,24,-14],
[22,24,-14],
[24,24,-14],
[25,24,-14],
[26,24,-14],
[27,24,-14],
[28,24,-14],
[29,24,-14],
[30,24,-14],
[8,24,-15],
[9,24,-15],
[13,24,-15],
[16,24,-15],
[17,24,-15],
[18,24,-15],
[19,24,-15],
[22,24,-15],
[25,24,-15],
[26,24,-15],
[27,24,-15],
[28,24,-15],
[29,24,-15],
[30,24,-15],
[31,24,-15],
[7,24,-16],
[8,24,-16],
[16,24,-16],
[17,24,-16],
[18,24,-16],
[19,24,-16],
[22,24,-16],
[26,24,-16],
[27,24,-16],
[28,24,-16],
[29,24,-16],
[30,24,-16],
[31,24,-16],
[32,24,-16],
[21,24,-17],
[28,24,-17],
[29,24,-17],
[30,24,-17],
[28,24,-18],
];
iiiiiiiiiiiiiiiiiiiivertices = scale*[
[13,25,-9],
[14,25,-9],
[15,25,-9],
[16,25,-9],
[17,25,-9],
[19,25,-9],
[10,25,-10],
[11,25,-10],
[12,25,-10],
[21,25,-10],
[22,25,-10],
[23,25,-10],
[8,25,-11],
[9,25,-11],
[15,25,-11],
[16,25,-11],
[17,25,-11],
[18,25,-11],
[19,25,-11],
[20,25,-11],
[21,25,-11],
[22,25,-11],
[23,25,-11],
[24,25,-11],
[25,25,-11],
[26,25,-11],
[7,25,-12],
[12,25,-12],
[13,25,-12],
[14,25,-12],
[15,25,-12],
[16,25,-12],
[17,25,-12],
[18,25,-12],
[19,25,-12],
[20,25,-12],
[21,25,-12],
[22,25,-12],
[23,25,-12],
[24,25,-12],
[25,25,-12],
[26,25,-12],
[27,25,-12],
[28,25,-12],
[10,25,-13],
[11,25,-13],
[12,25,-13],
[13,25,-13],
[14,25,-13],
[15,25,-13],
[16,25,-13],
[19,25,-13],
[20,25,-13],
[21,25,-13],
[22,25,-13],
[23,25,-13],
[24,25,-13],
[25,25,-13],
[26,25,-13],
[27,25,-13],
[28,25,-13],
[29,25,-13],
[9,25,-14],
[10,25,-14],
[13,25,-14],
[16,25,-14],
[17,25,-14],
[20,25,-14],
[21,25,-14],
[22,25,-14],
[24,25,-14],
[25,25,-14],
[26,25,-14],
[27,25,-14],
[28,25,-14],
[29,25,-14],
[30,25,-14],
[8,25,-15],
[9,25,-15],
[13,25,-15],
[16,25,-15],
[17,25,-15],
[18,25,-15],
[19,25,-15],
[22,25,-15],
[25,25,-15],
[26,25,-15],
[27,25,-15],
[28,25,-15],
[29,25,-15],
[30,25,-15],
[31,25,-15],
[7,25,-16],
[8,25,-16],
[16,25,-16],
[17,25,-16],
[18,25,-16],
[19,25,-16],
[22,25,-16],
[26,25,-16],
[27,25,-16],
[28,25,-16],
[29,25,-16],
[30,25,-16],
[31,25,-16],
[32,25,-16],
[21,25,-17],
[28,25,-17],
[29,25,-17],
[30,25,-17],
[28,25,-18],
];
iiiiiiiiiiiiiiiiiiiiivertices = scale*[
[13,26,-9],
[14,26,-9],
[15,26,-9],
[16,26,-9],
[17,26,-9],
[19,26,-9],
[10,26,-10],
[11,26,-10],
[12,26,-10],
[21,26,-10],
[22,26,-10],
[23,26,-10],
[8,26,-11],
[9,26,-11],
[15,26,-11],
[16,26,-11],
[17,26,-11],
[18,26,-11],
[19,26,-11],
[20,26,-11],
[21,26,-11],
[22,26,-11],
[23,26,-11],
[24,26,-11],
[25,26,-11],
[26,26,-11],
[7,26,-12],
[12,26,-12],
[13,26,-12],
[14,26,-12],
[15,26,-12],
[16,26,-12],
[17,26,-12],
[18,26,-12],
[19,26,-12],
[20,26,-12],
[21,26,-12],
[22,26,-12],
[23,26,-12],
[24,26,-12],
[25,26,-12],
[26,26,-12],
[27,26,-12],
[28,26,-12],
[10,26,-13],
[11,26,-13],
[12,26,-13],
[13,26,-13],
[14,26,-13],
[15,26,-13],
[16,26,-13],
[19,26,-13],
[20,26,-13],
[21,26,-13],
[22,26,-13],
[23,26,-13],
[24,26,-13],
[25,26,-13],
[26,26,-13],
[27,26,-13],
[28,26,-13],
[29,26,-13],
[9,26,-14],
[10,26,-14],
[13,26,-14],
[16,26,-14],
[17,26,-14],
[20,26,-14],
[21,26,-14],
[22,26,-14],
[24,26,-14],
[25,26,-14],
[26,26,-14],
[27,26,-14],
[28,26,-14],
[29,26,-14],
[30,26,-14],
[8,26,-15],
[9,26,-15],
[13,26,-15],
[16,26,-15],
[17,26,-15],
[18,26,-15],
[19,26,-15],
[22,26,-15],
[25,26,-15],
[26,26,-15],
[27,26,-15],
[28,26,-15],
[29,26,-15],
[30,26,-15],
[31,26,-15],
[7,26,-16],
[8,26,-16],
[16,26,-16],
[17,26,-16],
[18,26,-16],
[19,26,-16],
[22,26,-16],
[26,26,-16],
[27,26,-16],
[28,26,-16],
[29,26,-16],
[30,26,-16],
[31,26,-16],
[32,26,-16],
[21,26,-17],
[28,26,-17],
[29,26,-17],
[30,26,-17],
[28,26,-18],
];
iiiiiiiiiiiiiiiiiiiiiivertices = scale*[
[13,27,-9],
[14,27,-9],
[15,27,-9],
[16,27,-9],
[17,27,-9],
[19,27,-9],
[10,27,-10],
[11,27,-10],
[12,27,-10],
[21,27,-10],
[22,27,-10],
[23,27,-10],
[8,27,-11],
[9,27,-11],
[15,27,-11],
[16,27,-11],
[17,27,-11],
[18,27,-11],
[19,27,-11],
[20,27,-11],
[21,27,-11],
[22,27,-11],
[23,27,-11],
[24,27,-11],
[25,27,-11],
[26,27,-11],
[7,27,-12],
[12,27,-12],
[13,27,-12],
[14,27,-12],
[15,27,-12],
[16,27,-12],
[17,27,-12],
[18,27,-12],
[19,27,-12],
[20,27,-12],
[21,27,-12],
[22,27,-12],
[23,27,-12],
[24,27,-12],
[25,27,-12],
[26,27,-12],
[27,27,-12],
[28,27,-12],
[10,27,-13],
[11,27,-13],
[12,27,-13],
[13,27,-13],
[14,27,-13],
[15,27,-13],
[16,27,-13],
[19,27,-13],
[20,27,-13],
[21,27,-13],
[22,27,-13],
[23,27,-13],
[24,27,-13],
[25,27,-13],
[26,27,-13],
[27,27,-13],
[28,27,-13],
[29,27,-13],
[9,27,-14],
[10,27,-14],
[13,27,-14],
[16,27,-14],
[17,27,-14],
[20,27,-14],
[21,27,-14],
[22,27,-14],
[24,27,-14],
[25,27,-14],
[26,27,-14],
[27,27,-14],
[28,27,-14],
[29,27,-14],
[30,27,-14],
[8,27,-15],
[9,27,-15],
[13,27,-15],
[16,27,-15],
[17,27,-15],
[18,27,-15],
[19,27,-15],
[22,27,-15],
[25,27,-15],
[26,27,-15],
[27,27,-15],
[28,27,-15],
[29,27,-15],
[30,27,-15],
[31,27,-15],
[7,27,-16],
[8,27,-16],
[16,27,-16],
[17,27,-16],
[18,27,-16],
[19,27,-16],
[22,27,-16],
[26,27,-16],
[27,27,-16],
[28,27,-16],
[29,27,-16],
[30,27,-16],
[31,27,-16],
[32,27,-16],
[21,27,-17],
[28,27,-17],
[29,27,-17],
[30,27,-17],
[28,27,-18],
];
iiiiiiiiiiiiiiiiiiiiiiivertices = scale*[
[13,28,-9],
[14,28,-9],
[15,28,-9],
[16,28,-9],
[17,28,-9],
[19,28,-9],
[10,28,-10],
[11,28,-10],
[12,28,-10],
[21,28,-10],
[22,28,-10],
[23,28,-10],
[8,28,-11],
[9,28,-11],
[15,28,-11],
[16,28,-11],
[17,28,-11],
[18,28,-11],
[19,28,-11],
[20,28,-11],
[21,28,-11],
[22,28,-11],
[23,28,-11],
[24,28,-11],
[25,28,-11],
[26,28,-11],
[7,28,-12],
[12,28,-12],
[13,28,-12],
[14,28,-12],
[15,28,-12],
[16,28,-12],
[17,28,-12],
[18,28,-12],
[19,28,-12],
[20,28,-12],
[21,28,-12],
[22,28,-12],
[23,28,-12],
[24,28,-12],
[25,28,-12],
[26,28,-12],
[27,28,-12],
[28,28,-12],
[10,28,-13],
[11,28,-13],
[12,28,-13],
[13,28,-13],
[14,28,-13],
[15,28,-13],
[16,28,-13],
[19,28,-13],
[20,28,-13],
[21,28,-13],
[22,28,-13],
[23,28,-13],
[24,28,-13],
[25,28,-13],
[26,28,-13],
[27,28,-13],
[28,28,-13],
[29,28,-13],
[9,28,-14],
[10,28,-14],
[13,28,-14],
[16,28,-14],
[17,28,-14],
[20,28,-14],
[21,28,-14],
[22,28,-14],
[24,28,-14],
[25,28,-14],
[26,28,-14],
[27,28,-14],
[28,28,-14],
[29,28,-14],
[30,28,-14],
[8,28,-15],
[9,28,-15],
[13,28,-15],
[16,28,-15],
[17,28,-15],
[18,28,-15],
[19,28,-15],
[22,28,-15],
[25,28,-15],
[26,28,-15],
[27,28,-15],
[28,28,-15],
[29,28,-15],
[30,28,-15],
[31,28,-15],
[7,28,-16],
[8,28,-16],
[16,28,-16],
[17,28,-16],
[18,28,-16],
[19,28,-16],
[22,28,-16],
[26,28,-16],
[27,28,-16],
[28,28,-16],
[29,28,-16],
[30,28,-16],
[31,28,-16],
[32,28,-16],
[21,28,-17],
[28,28,-17],
[29,28,-17],
[30,28,-17],
[28,28,-18],
];
iiiiiiiiiiiiiiiiiiiiiiiivertices = scale*[
[13,29,-9],
[14,29,-9],
[15,29,-9],
[16,29,-9],
[17,29,-9],
[19,29,-9],
[10,29,-10],
[11,29,-10],
[12,29,-10],
[21,29,-10],
[22,29,-10],
[23,29,-10],
[8,29,-11],
[9,29,-11],
[15,29,-11],
[16,29,-11],
[17,29,-11],
[18,29,-11],
[19,29,-11],
[20,29,-11],
[21,29,-11],
[22,29,-11],
[23,29,-11],
[24,29,-11],
[25,29,-11],
[26,29,-11],
[7,29,-12],
[12,29,-12],
[13,29,-12],
[14,29,-12],
[15,29,-12],
[16,29,-12],
[17,29,-12],
[18,29,-12],
[19,29,-12],
[20,29,-12],
[21,29,-12],
[22,29,-12],
[23,29,-12],
[24,29,-12],
[25,29,-12],
[26,29,-12],
[27,29,-12],
[28,29,-12],
[10,29,-13],
[11,29,-13],
[12,29,-13],
[13,29,-13],
[14,29,-13],
[15,29,-13],
[16,29,-13],
[19,29,-13],
[20,29,-13],
[21,29,-13],
[22,29,-13],
[23,29,-13],
[24,29,-13],
[25,29,-13],
[26,29,-13],
[27,29,-13],
[28,29,-13],
[29,29,-13],
[9,29,-14],
[10,29,-14],
[13,29,-14],
[16,29,-14],
[17,29,-14],
[20,29,-14],
[21,29,-14],
[22,29,-14],
[24,29,-14],
[25,29,-14],
[26,29,-14],
[27,29,-14],
[28,29,-14],
[29,29,-14],
[30,29,-14],
[8,29,-15],
[9,29,-15],
[13,29,-15],
[16,29,-15],
[17,29,-15],
[18,29,-15],
[19,29,-15],
[22,29,-15],
[25,29,-15],
[26,29,-15],
[27,29,-15],
[28,29,-15],
[29,29,-15],
[30,29,-15],
[31,29,-15],
[7,29,-16],
[8,29,-16],
[16,29,-16],
[17,29,-16],
[18,29,-16],
[19,29,-16],
[22,29,-16],
[26,29,-16],
[27,29,-16],
[28,29,-16],
[29,29,-16],
[30,29,-16],
[31,29,-16],
[32,29,-16],
[21,29,-17],
[28,29,-17],
[29,29,-17],
[30,29,-17],
[28,29,-18],
];
iiiiiiiiiiiiiiiiiiiiiiiiivertices = scale*[
[13,30,-9],
[14,30,-9],
[15,30,-9],
[16,30,-9],
[17,30,-9],
[19,30,-9],
[10,30,-10],
[11,30,-10],
[12,30,-10],
[21,30,-10],
[22,30,-10],
[23,30,-10],
[8,30,-11],
[9,30,-11],
[15,30,-11],
[16,30,-11],
[17,30,-11],
[18,30,-11],
[19,30,-11],
[20,30,-11],
[21,30,-11],
[22,30,-11],
[23,30,-11],
[24,30,-11],
[25,30,-11],
[26,30,-11],
[7,30,-12],
[12,30,-12],
[13,30,-12],
[14,30,-12],
[15,30,-12],
[16,30,-12],
[17,30,-12],
[18,30,-12],
[19,30,-12],
[20,30,-12],
[21,30,-12],
[22,30,-12],
[23,30,-12],
[24,30,-12],
[25,30,-12],
[26,30,-12],
[27,30,-12],
[28,30,-12],
[10,30,-13],
[11,30,-13],
[12,30,-13],
[13,30,-13],
[14,30,-13],
[15,30,-13],
[16,30,-13],
[19,30,-13],
[20,30,-13],
[21,30,-13],
[22,30,-13],
[23,30,-13],
[24,30,-13],
[25,30,-13],
[26,30,-13],
[27,30,-13],
[28,30,-13],
[29,30,-13],
[9,30,-14],
[10,30,-14],
[13,30,-14],
[16,30,-14],
[17,30,-14],
[20,30,-14],
[21,30,-14],
[22,30,-14],
[24,30,-14],
[25,30,-14],
[26,30,-14],
[27,30,-14],
[28,30,-14],
[29,30,-14],
[30,30,-14],
[8,30,-15],
[9,30,-15],
[13,30,-15],
[16,30,-15],
[17,30,-15],
[18,30,-15],
[19,30,-15],
[22,30,-15],
[25,30,-15],
[26,30,-15],
[27,30,-15],
[28,30,-15],
[29,30,-15],
[30,30,-15],
[31,30,-15],
[7,30,-16],
[8,30,-16],
[16,30,-16],
[17,30,-16],
[18,30,-16],
[19,30,-16],
[22,30,-16],
[26,30,-16],
[27,30,-16],
[28,30,-16],
[29,30,-16],
[30,30,-16],
[31,30,-16],
[32,30,-16],
[21,30,-17],
[28,30,-17],
[29,30,-17],
[30,30,-17],
[28,30,-18],
];
iiiiiiiiiiiiiiiiiiiiiiiiiivertices = scale*[
[13,31,-9],
[14,31,-9],
[15,31,-9],
[16,31,-9],
[17,31,-9],
[19,31,-9],
[10,31,-10],
[11,31,-10],
[12,31,-10],
[21,31,-10],
[22,31,-10],
[23,31,-10],
[8,31,-11],
[9,31,-11],
[15,31,-11],
[16,31,-11],
[17,31,-11],
[18,31,-11],
[19,31,-11],
[20,31,-11],
[21,31,-11],
[22,31,-11],
[23,31,-11],
[24,31,-11],
[25,31,-11],
[26,31,-11],
[7,31,-12],
[12,31,-12],
[13,31,-12],
[14,31,-12],
[15,31,-12],
[16,31,-12],
[17,31,-12],
[18,31,-12],
[19,31,-12],
[20,31,-12],
[21,31,-12],
[22,31,-12],
[23,31,-12],
[24,31,-12],
[25,31,-12],
[26,31,-12],
[27,31,-12],
[28,31,-12],
[10,31,-13],
[11,31,-13],
[12,31,-13],
[13,31,-13],
[14,31,-13],
[15,31,-13],
[16,31,-13],
[19,31,-13],
[20,31,-13],
[21,31,-13],
[22,31,-13],
[23,31,-13],
[24,31,-13],
[25,31,-13],
[26,31,-13],
[27,31,-13],
[28,31,-13],
[29,31,-13],
[9,31,-14],
[10,31,-14],
[13,31,-14],
[16,31,-14],
[17,31,-14],
[20,31,-14],
[21,31,-14],
[22,31,-14],
[24,31,-14],
[25,31,-14],
[26,31,-14],
[27,31,-14],
[28,31,-14],
[29,31,-14],
[30,31,-14],
[8,31,-15],
[9,31,-15],
[13,31,-15],
[16,31,-15],
[17,31,-15],
[18,31,-15],
[19,31,-15],
[22,31,-15],
[25,31,-15],
[26,31,-15],
[27,31,-15],
[28,31,-15],
[29,31,-15],
[30,31,-15],
[31,31,-15],
[7,31,-16],
[8,31,-16],
[16,31,-16],
[17,31,-16],
[18,31,-16],
[19,31,-16],
[22,31,-16],
[26,31,-16],
[27,31,-16],
[28,31,-16],
[29,31,-16],
[30,31,-16],
[31,31,-16],
[32,31,-16],
[21,31,-17],
[28,31,-17],
[29,31,-17],
[30,31,-17],
[28,31,-18],
];
iiiiiiiiiiiiiiiiiiiiiiiiiiivertices = scale*[
[13,32,-9],
[14,32,-9],
[15,32,-9],
[16,32,-9],
[17,32,-9],
[19,32,-9],
[10,32,-10],
[11,32,-10],
[12,32,-10],
[21,32,-10],
[22,32,-10],
[23,32,-10],
[8,32,-11],
[9,32,-11],
[15,32,-11],
[16,32,-11],
[17,32,-11],
[18,32,-11],
[19,32,-11],
[20,32,-11],
[21,32,-11],
[22,32,-11],
[23,32,-11],
[24,32,-11],
[25,32,-11],
[26,32,-11],
[7,32,-12],
[12,32,-12],
[13,32,-12],
[14,32,-12],
[15,32,-12],
[16,32,-12],
[17,32,-12],
[18,32,-12],
[19,32,-12],
[20,32,-12],
[21,32,-12],
[22,32,-12],
[23,32,-12],
[24,32,-12],
[25,32,-12],
[26,32,-12],
[27,32,-12],
[28,32,-12],
[10,32,-13],
[11,32,-13],
[12,32,-13],
[13,32,-13],
[14,32,-13],
[15,32,-13],
[16,32,-13],
[19,32,-13],
[20,32,-13],
[21,32,-13],
[22,32,-13],
[23,32,-13],
[24,32,-13],
[25,32,-13],
[26,32,-13],
[27,32,-13],
[28,32,-13],
[29,32,-13],
[9,32,-14],
[10,32,-14],
[13,32,-14],
[16,32,-14],
[17,32,-14],
[20,32,-14],
[21,32,-14],
[22,32,-14],
[24,32,-14],
[25,32,-14],
[26,32,-14],
[27,32,-14],
[28,32,-14],
[29,32,-14],
[30,32,-14],
[8,32,-15],
[9,32,-15],
[13,32,-15],
[16,32,-15],
[17,32,-15],
[18,32,-15],
[19,32,-15],
[22,32,-15],
[25,32,-15],
[26,32,-15],
[27,32,-15],
[28,32,-15],
[29,32,-15],
[30,32,-15],
[31,32,-15],
[7,32,-16],
[8,32,-16],
[16,32,-16],
[17,32,-16],
[18,32,-16],
[19,32,-16],
[22,32,-16],
[26,32,-16],
[27,32,-16],
[28,32,-16],
[29,32,-16],
[30,32,-16],
[31,32,-16],
[32,32,-16],
[21,32,-17],
[28,32,-17],
[29,32,-17],
[30,32,-17],
[28,32,-18],
];
