[
[25,64,16],
[25,87,21],
[25,36,26],
[25,99,28],
[25,96,30],
[25,12,31],
[25,37,32],
[25,9,33],
[25,96,35],
[25,2,37],
[25,19,38],
[25,78,39],
[25,77,40],
[25,77,42],
[25,6,43],
[25,32,44],
[25,87,45],
[25,25,47],
[26,7,37],
[26,26,38],
[26,12,39],
[26,9,40],
[26,23,41],
[26,18,42],
[26,12,43],
[26,30,44],
[26,91,45],
[26,51,47],
[26,49,54],
[27,47,28],
[27,47,30],
[27,71,31],
[27,83,32],
[27,29,33],
[27,46,34],
[27,7,35],
[27,87,36],
[27,23,37],
[27,61,38],
[27,15,39],
[27,28,40],
[27,93,41],
[27,34,42],
[27,14,43],
[27,46,44],
[27,20,45],
[27,99,46],
[27,41,47],
[27,94,48],
[27,75,49],
[27,37,50],
[27,69,51],
[27,19,52],
[27,77,53],
[27,77,54],
[28,11,28],
[28,61,30],
[28,20,31],
[28,87,32],
[28,84,33],
[28,89,34],
[28,17,35],
[28,54,36],
[28,70,37],
[28,36,38],
[28,23,39],
[28,92,40],
[28,24,41],
[28,37,42],
[28,22,43],
[28,54,44],
[28,55,45],
[28,99,46],
[28,23,47],
[28,36,48],
[28,1,49],
[28,13,50],
[28,34,51],
[28,66,52],
[28,94,53],
[28,12,54],
[28,58,55],
[28,29,56],
[28,76,57],
[28,17,58],
[28,28,59],
[28,66,61],
[29,22,26],
[29,49,27],
[29,51,28],
[29,63,29],
[29,78,30],
[29,0,31],
[29,87,32],
[29,1,33],
[29,80,34],
[29,20,35],
[29,43,36],
[29,61,37],
[29,27,38],
[29,41,40],
[29,72,43],
[29,44,44],
[29,40,45],
[29,69,47],
[29,46,52],
[29,15,53],
[29,18,56],
[29,87,57],
[29,66,58],
[29,51,59],
[29,66,60],
[29,18,61],
[29,77,62],
[29,64,63],
[29,83,64],
[29,22,68],
[30,9,21],
[30,91,23],
[30,66,24],
[30,4,25],
[30,2,26],
[30,60,27],
[30,95,28],
[30,3,29],
[30,4,30],
[30,44,31],
[30,73,32],
[30,14,33],
[30,90,34],
[30,97,35],
[30,53,36],
[30,39,37],
[30,86,38],
[30,8,40],
[30,59,43],
[30,60,44],
[30,51,45],
[30,26,47],
[30,57,52],
[30,10,58],
[30,9,59],
[30,92,60],
[30,49,61],
[30,82,62],
[30,93,63],
[30,15,64],
[30,23,65],
[30,5,66],
[30,71,67],
[30,58,68],
[31,72,23],
[31,98,24],
[31,1,25],
[31,72,26],
[31,3,27],
[31,94,28],
[31,95,29],
[31,53,30],
[31,76,40],
[31,42,44],
[31,54,45],
[31,22,46],
[31,24,47],
[31,25,51],
[31,31,52],
[31,95,57],
[31,53,58],
[31,5,59],
[31,82,60],
[31,63,63],
[31,64,64],
[31,70,65],
[31,64,66],
[31,70,67],
[31,29,68],
[31,26,69],
[31,51,70],
[31,93,71],
[32,93,19],
[32,5,21],
[32,25,22],
[32,10,23],
[32,25,24],
[32,17,25],
[32,45,26],
[32,68,27],
[32,73,28],
[32,44,29],
[32,10,30],
[32,16,31],
[32,59,32],
[32,100,33],
[32,21,35],
[32,6,36],
[32,0,37],
[32,2,38],
[32,23,40],
[32,97,41],
[32,11,42],
[32,63,43],
[32,20,44],
[32,27,45],
[32,50,46],
[32,58,47],
[32,73,48],
[32,81,49],
[32,20,50],
[32,0,51],
[32,37,52],
[32,78,53],
[32,100,54],
[32,53,55],
[32,63,56],
[32,52,57],
[32,13,58],
[32,91,59],
[32,54,60],
[32,96,61],
[32,39,62],
[32,27,63],
[32,89,64],
[32,39,65],
[32,62,66],
[32,51,67],
[32,18,68],
[32,6,69],
[32,92,70],
[32,74,71],
[32,48,72],
[32,24,73],
[32,95,75],
[33,15,21],
[33,58,22],
[33,96,23],
[33,33,24],
[33,9,25],
[33,15,26],
[33,0,37],
[33,70,39],
[33,21,40],
[33,13,41],
[33,67,42],
[33,65,43],
[33,47,44],
[33,97,45],
[33,93,46],
[33,50,47],
[33,39,48],
[33,9,49],
[33,57,50],
[33,3,51],
[33,67,52],
[33,46,53],
[33,86,54],
[33,43,55],
[33,26,56],
[33,81,57],
[33,68,58],
[33,38,59],
[33,20,60],
[33,55,61],
[33,67,62],
[33,0,65],
[33,56,66],
[33,100,68],
[33,91,69],
[33,48,70],
[33,94,71],
[33,77,72],
[33,8,73],
[33,88,74],
[33,81,75],
[33,24,76],
[34,41,19],
[34,17,20],
[34,39,21],
[34,74,22],
[34,93,23],
[34,51,24],
[34,9,25],
[34,43,26],
[34,17,33],
[34,93,35],
[34,92,36],
[34,27,37],
[34,90,38],
[34,60,39],
[34,2,40],
[34,67,41],
[34,29,42],
[34,69,43],
[34,65,44],
[34,60,45],
[34,77,46],
[34,88,47],
[34,48,48],
[34,19,49],
[34,94,50],
[34,78,51],
[34,68,52],
[34,48,53],
[34,37,54],
[34,65,55],
[34,34,56],
[34,38,57],
[34,43,58],
[34,45,59],
[34,49,60],
[34,25,61],
[34,27,62],
[34,63,63],
[34,40,64],
[34,50,65],
[34,17,66],
[34,21,67],
[34,5,68],
[34,12,70],
[34,19,71],
[34,71,72],
[34,44,73],
[34,8,74],
[34,20,75],
[34,5,76],
[34,57,77],
[34,64,78],
[35,61,18],
[35,9,19],
[35,77,20],
[35,77,21],
[35,19,22],
[35,95,23],
[35,90,33],
[35,54,34],
[35,19,35],
[35,60,36],
[35,73,37],
[35,32,38],
[35,37,39],
[35,33,40],
[35,21,41],
[35,40,42],
[35,16,43],
[35,98,44],
[35,47,45],
[35,14,46],
[35,37,47],
[35,24,48],
[35,2,49],
[35,25,50],
[35,59,51],
[35,82,52],
[35,90,53],
[35,46,54],
[35,9,55],
[35,49,56],
[35,73,57],
[35,79,58],
[35,11,59],
[35,10,60],
[35,90,61],
[35,23,62],
[35,11,63],
[35,48,64],
[35,57,65],
[35,45,66],
[35,22,67],
[35,52,68],
[35,42,69],
[35,71,70],
[35,85,71],
[35,41,73],
[35,35,74],
[35,4,75],
[35,52,76],
[35,43,77],
[35,18,78],
[35,73,79],
[35,62,80],
[36,21,16],
[36,57,18],
[36,89,19],
[36,65,20],
[36,55,21],
[36,62,33],
[36,65,34],
[36,5,35],
[36,40,36],
[36,87,37],
[36,73,38],
[36,8,39],
[36,85,40],
[36,28,41],
[36,21,42],
[36,22,43],
[36,91,44],
[36,54,45],
[36,83,46],
[36,38,47],
[36,4,48],
[36,76,49],
[36,24,50],
[36,42,51],
[36,43,52],
[36,21,53],
[36,47,54],
[36,85,55],
[36,71,56],
[36,17,57],
[36,0,58],
[36,62,59],
[36,3,60],
[36,61,61],
[36,68,62],
[36,82,63],
[36,34,64],
[36,60,65],
[36,48,66],
[36,34,67],
[36,46,68],
[36,91,69],
[36,84,70],
[36,23,71],
[36,47,72],
[36,30,73],
[36,77,74],
[36,7,75],
[36,69,76],
[36,78,77],
[36,80,78],
[36,36,79],
[36,29,80],
[36,0,81],
[36,17,82],
[37,19,14],
[37,18,16],
[37,36,17],
[37,47,18],
[37,63,19],
[37,27,20],
[37,65,21],
[37,66,23],
[37,64,26],
[37,83,28],
[37,19,30],
[37,75,31],
[37,56,32],
[37,96,33],
[37,44,34],
[37,4,35],
[37,67,36],
[37,40,37],
[37,100,38],
[37,47,39],
[37,27,40],
[37,13,41],
[37,92,42],
[37,26,43],
[37,77,44],
[37,61,45],
[37,70,46],
[37,37,47],
[37,32,48],
[37,61,49],
[37,93,50],
[37,67,51],
[37,69,52],
[37,19,53],
[37,93,54],
[37,82,55],
[37,9,56],
[37,13,57],
[37,90,58],
[37,49,59],
[37,48,60],
[37,87,61],
[37,50,62],
[37,93,63],
[37,50,64],
[37,37,65],
[37,92,66],
[37,76,67],
[37,45,68],
[37,77,69],
[37,15,70],
[37,84,71],
[37,54,72],
[37,36,73],
[37,61,74],
[37,71,75],
[37,87,76],
[37,38,77],
[37,81,78],
[37,0,79],
[37,30,80],
[37,4,81],
[37,23,82],
[37,8,83],
[37,40,84],
[38,24,16],
[38,26,18],
[38,49,30],
[38,29,31],
[38,48,32],
[38,3,33],
[38,60,34],
[38,95,35],
[38,44,36],
[38,90,37],
[38,68,38],
[38,29,39],
[38,52,40],
[38,50,41],
[38,72,42],
[38,33,43],
[38,14,44],
[38,46,45],
[38,55,46],
[38,86,47],
[38,61,49],
[38,17,51],
[38,6,52],
[38,96,53],
[38,28,54],
[38,69,55],
[38,20,56],
[38,51,57],
[38,20,58],
[38,17,59],
[38,69,60],
[38,95,61],
[38,92,62],
[38,57,63],
[38,38,64],
[38,59,65],
[38,13,66],
[38,89,67],
[38,45,68],
[38,25,69],
[38,76,70],
[38,71,71],
[38,91,72],
[38,91,73],
[38,59,74],
[38,87,75],
[38,24,76],
[38,55,77],
[38,23,78],
[38,21,79],
[38,33,80],
[38,92,81],
[38,7,82],
[39,37,14],
[39,2,16],
[39,9,17],
[39,67,18],
[39,74,21],
[39,60,25],
[39,86,26],
[39,28,27],
[39,65,28],
[39,86,29],
[39,100,30],
[39,77,31],
[39,12,32],
[39,81,33],
[39,28,34],
[39,21,35],
[39,46,36],
[39,82,37],
[39,36,38],
[39,48,39],
[39,0,40],
[39,79,41],
[39,14,42],
[39,60,43],
[39,96,44],
[39,26,45],
[39,64,46],
[39,56,47],
[39,65,49],
[39,7,52],
[39,54,53],
[39,78,54],
[39,100,55],
[39,88,56],
[39,57,57],
[39,46,58],
[39,94,59],
[39,18,60],
[39,18,61],
[39,96,62],
[39,18,63],
[39,96,64],
[39,62,65],
[39,58,66],
[39,27,67],
[39,28,68],
[39,77,69],
[39,54,70],
[39,42,71],
[39,62,72],
[39,59,73],
[39,20,74],
[39,97,75],
[39,27,76],
[39,71,77],
[39,10,78],
[39,56,79],
[39,12,80],
[39,64,81],
[39,44,82],
[39,28,83],
[39,79,84],
[40,64,26],
[40,38,27],
[40,35,28],
[40,13,29],
[40,78,30],
[40,20,31],
[40,7,35],
[40,90,36],
[40,9,37],
[40,67,38],
[40,66,39],
[40,39,40],
[40,51,42],
[40,78,44],
[40,53,45],
[40,15,46],
[40,53,53],
[40,80,54],
[40,90,55],
[40,84,56],
[40,1,57],
[40,74,58],
[40,89,59],
[40,59,60],
[40,79,61],
[40,93,62],
[40,82,63],
[40,12,64],
[40,2,65],
[40,48,66],
[40,21,67],
[40,85,68],
[40,56,69],
[40,39,70],
[40,78,71],
[40,87,72],
[40,68,73],
[40,23,74],
[40,67,75],
[40,34,76],
[40,20,77],
[40,51,78],
[40,52,79],
[40,98,80],
[40,18,81],
[40,41,82],
[40,66,83],
[40,71,84],
[41,23,12],
[41,41,14],
[41,12,16],
[41,26,25],
[41,8,26],
[41,88,27],
[41,64,28],
[41,12,29],
[41,58,30],
[41,59,35],
[41,34,36],
[41,33,37],
[41,14,38],
[41,72,39],
[41,55,40],
[41,51,42],
[41,49,43],
[41,93,44],
[41,37,45],
[41,55,46],
[41,44,47],
[41,30,53],
[41,15,54],
[41,55,55],
[41,25,56],
[41,24,57],
[41,43,58],
[41,70,59],
[41,57,60],
[41,3,61],
[41,37,62],
[41,37,63],
[41,25,66],
[41,6,67],
[41,8,68],
[41,89,69],
[41,86,70],
[41,78,71],
[41,31,72],
[41,52,73],
[41,61,74],
[41,71,75],
[41,76,76],
[41,71,77],
[41,12,78],
[41,8,79],
[41,95,80],
[41,27,81],
[41,46,82],
[41,21,83],
[41,46,84],
[41,82,85],
[41,21,87],
[42,82,21],
[42,69,24],
[42,88,25],
[42,87,26],
[42,59,27],
[42,47,28],
[42,100,35],
[42,98,36],
[42,80,37],
[42,22,38],
[42,85,40],
[42,36,42],
[42,31,43],
[42,11,44],
[42,54,45],
[42,19,46],
[42,1,47],
[42,4,48],
[42,30,49],
[42,87,54],
[42,84,56],
[42,66,57],
[42,47,58],
[42,70,59],
[42,4,60],
[42,90,61],
[42,23,62],
[42,59,63],
[42,1,68],
[42,55,69],
[42,23,70],
[42,31,71],
[42,28,72],
[42,63,73],
[42,14,74],
[42,64,75],
[42,83,76],
[42,33,77],
[42,82,78],
[42,35,79],
[42,60,80],
[42,20,81],
[42,34,82],
[42,70,83],
[42,75,84],
[42,16,85],
[42,40,86],
[42,50,87],
[43,72,24],
[43,12,25],
[43,98,26],
[43,7,35],
[43,61,36],
[43,43,37],
[43,63,42],
[43,14,43],
[43,87,44],
[43,16,45],
[43,86,46],
[43,50,47],
[43,16,48],
[43,28,49],
[43,51,50],
[43,96,51],
[43,82,52],
[43,59,54],
[43,80,55],
[43,37,59],
[43,31,60],
[43,39,61],
[43,46,62],
[43,8,63],
[43,75,70],
[43,0,71],
[43,29,72],
[43,60,73],
[43,93,74],
[43,84,75],
[43,87,76],
[43,95,77],
[43,67,78],
[43,35,79],
[43,37,80],
[43,51,81],
[43,37,82],
[43,53,83],
[43,91,84],
[43,33,85],
[43,47,86],
[43,9,87],
[44,1,9],
[44,42,14],
[44,22,21],
[44,61,22],
[44,53,23],
[44,88,24],
[44,28,25],
[44,52,26],
[44,20,35],
[44,7,36],
[44,43,37],
[44,59,40],
[44,64,41],
[44,67,42],
[44,91,43],
[44,44,44],
[44,99,45],
[44,69,46],
[44,73,47],
[44,21,48],
[44,7,49],
[44,88,50],
[44,52,51],
[44,31,52],
[44,75,53],
[44,26,54],
[44,37,55],
[44,98,56],
[44,22,57],
[44,47,58],
[44,72,59],
[44,17,60],
[44,55,61],
[44,48,62],
[44,69,63],
[44,30,68],
[44,92,70],
[44,31,71],
[44,62,72],
[44,23,73],
[44,76,74],
[44,2,75],
[44,56,76],
[44,80,77],
[44,8,78],
[44,33,79],
[44,12,80],
[44,31,81],
[44,16,82],
[44,22,83],
[44,21,84],
[44,1,85],
[44,51,86],
[44,22,87],
[44,87,88],
[44,12,89],
[44,32,90],
[44,68,92],
[44,19,94],
[45,97,21],
[45,98,23],
[45,100,24],
[45,47,35],
[45,65,36],
[45,69,42],
[45,75,43],
[45,16,44],
[45,96,45],
[45,72,46],
[45,4,47],
[45,23,48],
[45,63,49],
[45,34,50],
[45,40,51],
[45,94,52],
[45,97,53],
[45,92,54],
[45,57,55],
[45,24,56],
[45,100,59],
[45,35,61],
[45,97,62],
[45,76,63],
[45,98,73],
[45,75,74],
[45,0,75],
[45,7,76],
[45,3,77],
[45,27,78],
[45,41,79],
[45,91,80],
[45,89,81],
[45,17,82],
[45,94,83],
[45,56,84],
[45,5,85],
[45,52,86],
[45,61,87],
[45,59,88],
[45,43,89],
[46,55,19],
[46,79,20],
[46,80,21],
[46,41,22],
[46,6,23],
[46,33,24],
[46,41,35],
[46,2,36],
[46,43,37],
[46,60,42],
[46,56,43],
[46,92,44],
[46,15,45],
[46,63,46],
[46,23,47],
[46,73,48],
[46,86,49],
[46,89,50],
[46,37,51],
[46,83,52],
[46,34,53],
[46,79,54],
[46,12,55],
[46,56,56],
[46,49,60],
[46,71,61],
[46,42,62],
[46,70,63],
[46,61,73],
[46,61,74],
[46,28,75],
[46,7,76],
[46,51,77],
[46,62,78],
[46,45,79],
[46,41,80],
[46,59,81],
[46,20,82],
[46,91,83],
[46,61,84],
[46,13,85],
[46,13,86],
[46,34,87],
[46,7,88],
[46,98,89],
[46,77,90],
[46,44,91],
[46,7,92],
[46,51,94],
[47,63,19],
[47,58,20],
[47,81,21],
[47,8,22],
[47,49,23],
[47,40,35],
[47,84,36],
[47,42,44],
[47,7,45],
[47,99,46],
[47,7,47],
[47,37,48],
[47,5,49],
[47,33,50],
[47,63,51],
[47,50,52],
[47,9,53],
[47,16,54],
[47,72,60],
[47,49,61],
[47,9,62],
[47,26,74],
[47,22,75],
[47,12,76],
[47,1,77],
[47,20,78],
[47,71,79],
[47,72,80],
[47,40,81],
[47,66,82],
[47,23,83],
[47,97,84],
[47,92,85],
[47,52,86],
[47,60,87],
[47,74,88],
[47,57,89],
[47,73,90],
[47,46,91],
[47,73,92],
[48,1,18],
[48,18,19],
[48,90,20],
[48,29,21],
[48,79,35],
[48,22,44],
[48,3,45],
[48,4,46],
[48,15,47],
[48,26,48],
[48,90,49],
[48,87,50],
[48,20,51],
[48,30,52],
[48,46,60],
[48,56,61],
[48,61,62],
[48,15,73],
[48,100,74],
[48,89,75],
[48,2,76],
[48,3,77],
[48,42,78],
[48,53,79],
[48,21,80],
[48,13,81],
[48,24,82],
[48,96,83],
[48,97,84],
[48,71,85],
[48,74,86],
[48,3,87],
[48,84,88],
[48,79,89],
[48,63,90],
[48,53,91],
[48,57,92],
[49,6,18],
[49,35,19],
[49,82,20],
[49,9,21],
[49,53,36],
[49,13,37],
[49,36,45],
[49,22,46],
[49,19,47],
[49,69,48],
[49,51,49],
[49,59,50],
[49,18,51],
[49,79,58],
[49,3,59],
[49,14,60],
[49,55,61],
[49,36,62],
[49,40,74],
[49,45,75],
[49,99,76],
[49,29,77],
[49,44,78],
[49,95,79],
[49,50,80],
[49,11,81],
[49,30,82],
[49,59,83],
[49,100,84],
[49,1,85],
[49,11,86],
[49,81,87],
[49,42,89],
[49,14,90],
[49,49,91],
[49,73,92],
[49,87,94],
[50,70,18],
[50,100,19],
[50,79,37],
[50,39,59],
[50,45,60],
[50,97,61],
[50,77,75],
[50,6,78],
[50,63,80],
[50,60,81],
[50,86,82],
[50,56,83],
[50,41,84],
[50,25,85],
[50,45,86],
[50,87,87],
[50,11,88],
[50,88,89],
[51,13,16],
[51,92,17],
[51,10,18],
[51,69,21],
[51,97,37],
[51,10,38],
[51,56,47],
[51,52,59],
[51,86,60],
[51,50,61],
[51,59,73],
[51,63,75],
[51,69,77],
[51,37,78],
[51,20,79],
[51,66,80],
[51,73,81],
[51,39,82],
[51,81,83],
[51,94,84],
[51,30,85],
[51,68,87],
[51,14,88],
[51,45,89],
[51,58,90],
[51,97,91],
[51,36,92],
[51,86,94],
[52,96,38],
[52,28,59],
[52,78,60],
[52,65,77],
[52,97,78],
[52,93,79],
[52,37,80],
[52,49,84],
[52,53,85],
[52,59,86],
[52,19,87],
[52,76,89],
[53,56,38],
[53,20,39],
[53,28,40],
[53,3,58],
[53,10,59],
[53,36,60],
[53,9,76],
[53,77,77],
[53,60,78],
[53,53,79],
[53,58,80],
[53,90,81],
[53,20,85],
[53,23,86],
[53,74,87],
[53,22,88],
[53,85,89],
[53,38,90],
[54,82,39],
[54,23,40],
[54,100,58],
[54,53,59],
[54,91,75],
[54,64,76],
[54,29,77],
[54,51,78],
[54,84,79],
[54,34,80],
[54,1,81],
[54,70,82],
[54,100,88],
[54,62,89],
[54,80,92],
[55,62,40],
[55,87,41],
[55,61,42],
[55,30,56],
[55,59,57],
[55,35,77],
[55,88,78],
[55,46,79],
[55,68,80],
[55,59,81],
[56,13,40],
[56,39,41],
[56,63,42],
[56,79,43],
[56,22,44],
[56,84,47],
[56,91,54],
[56,21,56],
[56,10,75],
[56,48,77],
[56,63,78],
[56,4,80],
[56,59,82],
[56,26,84],
[57,65,44],
[57,85,45],
[57,55,47],
[57,49,52],
[57,86,54],
[57,51,80],
[58,9,44],
[58,92,45],
[58,73,46],
[58,40,47],
[58,55,48],
[58,62,49],
[58,31,50],
[58,86,51],
[58,80,52],
[58,24,54],
[58,49,75],
[58,21,78],
[58,69,80],
[58,74,82],
[62,75,61],
[62,36,63],
[63,41,33],
[63,64,41],
[63,26,61],
[63,35,63],
[63,72,64],
[63,90,66],
[63,6,73],
[64,3,33],
[64,69,41],
[64,13,64],
[64,44,73],
[65,89,33],
[65,99,35],
[65,11,41],
[65,23,42],
[65,28,43],
[65,48,52],
[65,6,53],
[65,20,57],
[65,98,65],
[65,0,67],
[65,53,75],
[66,80,35],
[66,6,42],
[66,72,52],
[66,83,65],
[67,12,35],
[67,4,42],
[67,7,52],
[67,15,58],
[68,22,41],
[68,42,42],
[68,17,48],
[68,98,54],
[68,91,56],
[68,57,65],
[68,45,66],
[70,37,40],
[70,40,42],
[70,71,54],
[70,54,66],
];