output2 = scale*[
[16,0,-25],
[21,0,-25],
[26,0,-25],
[28,0,-25],
[30,0,-25],
[31,0,-25],
[32,0,-25],
[33,0,-25],
[35,5,-25],
[37,5,-25],
[38,5,-25],
[39,5,-25],
[40,5,-25],
[42,5,-25],
[43,5,-25],
[44,5,-25],
[45,10,-25],
[47,10,-25],
[37,10,-26],
[38,10,-26],
[39,10,-26],
[40,10,-26],
[41,10,-26],
[42,10,-26],
[43,15,-26],
[44,15,-26],
[45,15,-26],
[47,15,-26],
[54,15,-26],
[28,15,-27],
[30,15,-27],
[31,15,-27],
[32,20,-27],
[33,20,-27],
[34,20,-27],
[35,20,-27],
[36,20,-27],
[37,20,-27],
[38,20,-27],
[39,20,-27],
[40,25,-27],
[41,25,-27],
[42,25,-27],
[43,25,-27],
[44,25,-27],
[45,25,-27],
[46,25,-27],
[47,25,-27],
[48,30,-27],
[49,30,-27],
[50,30,-27],
[51,30,-27],
[52,30,-27],
[53,30,-27],
[54,30,-27],
[28,30,-28],
[30,35,-28],
[31,35,-28],
[32,35,-28],
[33,35,-28],
[34,35,-28],
[35,35,-28],
[36,35,-28],
[37,35,-28],
[38,40,-28],
[39,40,-28],
[40,40,-28],
[41,40,-28],
[42,40,-28],
[43,40,-28],
[44,40,-28],
[45,40,-28],
[46,45,-28],
[47,45,-28],
[48,45,-28],
[49,45,-28],
[50,45,-28],
[51,45,-28],
[52,45,-28],
[53,45,-28],
[54,50,-28],
[55,50,-28],
[56,50,-28],
[57,50,-28],
[58,50,-28],
[59,50,-28],
[61,50,-28],
[26,50,-29],
[27,55,-29],
[28,55,-29],
[29,55,-29],
[30,55,-29],
[31,55,-29],
[32,55,-29],
[33,55,-29],
[34,55,-29],
[35,60,-29],
[36,60,-29],
[37,60,-29],
[38,60,-29],
[40,60,-29],
[43,60,-29],
[44,60,-29],
[45,60,-29],
[47,65,-29],
[52,65,-29],
[53,65,-29],
[56,65,-29],
[57,65,-29],
[58,65,-29],
[59,65,-29],
[60,65,-29],
[61,70,-29],
[62,70,-29],
[63,70,-29],
[64,70,-29],
[68,70,-29],
[21,70,-30],
[23,70,-30],
[24,70,-30],
[25,75,-30],
[26,75,-30],
[27,75,-30],
[28,75,-30],
[29,75,-30],
[30,75,-30],
[31,75,-30],
[32,75,-30],
[33,80,-30],
[34,80,-30],
[35,80,-30],
[36,80,-30],
[37,80,-30],
[38,80,-30],
[40,80,-30],
[43,80,-30],
[44,85,-30],
[45,85,-30],
[47,85,-30],
[52,85,-30],
[58,85,-30],
[59,85,-30],
[60,85,-30],
[61,85,-30],
[62,90,-30],
[63,90,-30],
[64,90,-30],
[65,90,-30],
[66,90,-30],
[67,90,-30],
[68,90,-30],
[23,90,-31],
[24,95,-31],
[25,95,-31],
[26,95,-31],
[27,95,-31],
[28,95,-31],
[29,95,-31],
[30,95,-31],
[40,95,-31],
[44,100,-31],
[45,100,-31],
[46,100,-31],
[47,100,-31],
[51,100,-31],
[52,100,-31],
[57,100,-31],
[58,100,-31],
[59,105,-31],
[60,105,-31],
[63,105,-31],
[64,105,-31],
[65,105,-31],
[66,105,-31],
[67,105,-31],
[68,105,-31],
[69,110,-31],
[70,110,-31],
[71,110,-31],
[19,110,-32],
[21,110,-32],
[22,110,-32],
[23,110,-32],
[24,110,-32],
[25,115,-32],
[26,115,-32],
[27,115,-32],
[28,115,-32],
[29,115,-32],
[30,115,-32],
[31,115,-32],
[32,115,-32],
[33,120,-32],
[35,120,-32],
[36,120,-32],
[37,120,-32],
[38,120,-32],
[40,120,-32],
[41,120,-32],
[42,120,-32],
[43,125,-32],
[44,125,-32],
[45,125,-32],
[46,125,-32],
[47,125,-32],
[48,125,-32],
[49,125,-32],
[50,125,-32],
[51,130,-32],
[52,130,-32],
[53,130,-32],
[54,130,-32],
[55,130,-32],
[56,130,-32],
[57,130,-32],
[58,130,-32],
[59,135,-32],
[60,135,-32],
[61,135,-32],
[62,135,-32],
[63,135,-32],
[64,135,-32],
[65,135,-32],
[66,135,-32],
[67,140,-32],
[68,140,-32],
[69,140,-32],
[70,140,-32],
[71,140,-32],
[72,140,-32],
[73,140,-32],
[75,140,-32],
[21,145,-33],
[22,145,-33],
[23,145,-33],
[24,145,-33],
[25,145,-33],
[26,145,-33],
[37,145,-33],
[39,145,-33],
[40,150,-33],
[41,150,-33],
[42,150,-33],
[43,150,-33],
[44,150,-33],
[45,150,-33],
[46,150,-33],
[47,150,-33],
[48,155,-33],
[49,155,-33],
[50,155,-33],
[51,155,-33],
[52,155,-33],
[53,155,-33],
[54,155,-33],
[55,155,-33],
[56,160,-33],
[57,160,-33],
[58,160,-33],
[59,160,-33],
[60,160,-33],
[61,160,-33],
[62,160,-33],
[65,160,-33],
[66,165,-33],
[68,165,-33],
[69,165,-33],
[70,165,-33],
[71,165,-33],
[72,165,-33],
[73,165,-33],
[74,165,-33],
[75,170,-33],
[76,170,-33],
[19,170,-34],
[20,170,-34],
[21,170,-34],
[22,170,-34],
[23,170,-34],
[24,170,-34],
[25,175,-34],
[26,175,-34],
[33,175,-34],
[35,175,-34],
[36,175,-34],
[37,175,-34],
[38,175,-34],
[39,175,-34],
[40,180,-34],
[41,180,-34],
[42,180,-34],
[43,180,-34],
[44,180,-34],
[45,180,-34],
[46,180,-34],
[47,180,-34],
[48,185,-34],
[49,185,-34],
[50,185,-34],
[51,185,-34],
[52,185,-34],
[53,185,-34],
[54,185,-34],
[55,185,-34],
[56,190,-34],
[57,190,-34],
[58,190,-34],
[59,190,-34],
[60,190,-34],
[61,190,-34],
[62,190,-34],
[63,190,-34],
[64,195,-34],
[65,195,-34],
[66,195,-34],
[67,195,-34],
[68,195,-34],
[70,195,-34],
[71,195,-34],
[72,195,-34],
[73,200,-34],
[74,200,-34],
[75,200,-34],
[76,200,-34],
[77,200,-34],
[78,200,-34],
[18,200,-35],
[19,200,-35],
[20,205,-35],
[21,205,-35],
[22,205,-35],
[23,205,-35],
[33,205,-35],
[34,205,-35],
[35,205,-35],
[36,205,-35],
[37,210,-35],
[38,210,-35],
[39,210,-35],
[40,210,-35],
[41,210,-35],
[42,210,-35],
[43,210,-35],
[44,210,-35],
[45,215,-35],
[46,215,-35],
[47,215,-35],
[48,215,-35],
[49,215,-35],
[50,215,-35],
[51,215,-35],
[52,215,-35],
[53,220,-35],
[54,220,-35],
[55,220,-35],
[56,220,-35],
[57,220,-35],
[58,220,-35],
[59,220,-35],
[60,220,-35],
[61,225,-35],
[62,225,-35],
[63,225,-35],
[64,225,-35],
[65,225,-35],
[66,225,-35],
[67,225,-35],
[68,225,-35],
[69,230,-35],
[70,230,-35],
[71,230,-35],
[73,230,-35],
[74,230,-35],
[75,230,-35],
[76,230,-35],
[77,230,-35],
[78,235,-35],
[79,235,-35],
[80,235,-35],
[16,235,-36],
[18,235,-36],
[19,235,-36],
[20,235,-36],
[21,235,-36],
[33,240,-36],
[34,240,-36],
[35,240,-36],
[36,240,-36],
[37,240,-36],
[38,240,-36],
[39,240,-36],
[40,240,-36],
[41,245,-36],
[42,245,-36],
[43,245,-36],
[44,245,-36],
[45,245,-36],
[46,245,-36],
[47,245,-36],
[48,245,-36],
[49,250,-36],
[50,250,-36],
[51,250,-36],
[52,250,-36],
[53,250,-36],
[54,250,-36],
[55,250,-36],
[56,250,-36],
[57,255,-36],
[58,255,-36],
[59,255,-36],
[60,255,-36],
[61,255,-36],
[62,255,-36],
[63,255,-36],
[64,255,-36],
[65,260,-36],
[66,260,-36],
[67,260,-36],
[68,260,-36],
[69,260,-36],
[70,260,-36],
[71,260,-36],
[72,260,-36],
[73,265,-36],
[74,265,-36],
[75,265,-36],
[76,265,-36],
[77,265,-36],
[78,265,-36],
[79,265,-36],
[80,265,-36],
[81,270,-36],
[82,270,-36],
[14,270,-37],
[16,270,-37],
[17,270,-37],
[18,270,-37],
[19,270,-37],
[20,270,-37],
[21,275,-37],
[23,275,-37],
[26,275,-37],
[28,275,-37],
[30,275,-37],
[31,275,-37],
[32,275,-37],
[33,275,-37],
[34,280,-37],
[35,280,-37],
[36,280,-37],
[37,280,-37],
[38,280,-37],
[39,280,-37],
[40,280,-37],
[41,280,-37],
[42,285,-37],
[43,285,-37],
[44,285,-37],
[45,285,-37],
[46,285,-37],
[47,285,-37],
[48,285,-37],
[49,285,-37],
[50,290,-37],
[51,290,-37],
[52,290,-37],
[53,290,-37],
[54,290,-37],
[55,290,-37],
[56,290,-37],
[57,290,-37],
[58,295,-37],
[59,295,-37],
[60,295,-37],
[61,295,-37],
[62,295,-37],
[63,295,-37],
[64,295,-37],
[65,295,-37],
[66,300,-37],
[67,300,-37],
[68,300,-37],
[69,300,-37],
[70,300,-37],
[71,300,-37],
[72,300,-37],
[73,300,-37],
[74,305,-37],
[75,305,-37],
[76,305,-37],
[77,305,-37],
[78,305,-37],
[79,305,-37],
[80,305,-37],
[81,305,-37],
[82,310,-37],
[83,310,-37],
[84,310,-37],
[16,310,-38],
[18,310,-38],
[30,310,-38],
[31,310,-38],
[32,310,-38],
[33,315,-38],
[34,315,-38],
[35,315,-38],
[36,315,-38],
[37,315,-38],
[38,315,-38],
[39,315,-38],
[40,315,-38],
[41,320,-38],
[42,320,-38],
[43,320,-38],
[44,320,-38],
[45,320,-38],
[46,320,-38],
[47,320,-38],
[49,320,-38],
[51,325,-38],
[52,325,-38],
[53,325,-38],
[54,325,-38],
[55,325,-38],
[56,325,-38],
[57,325,-38],
[58,325,-38],
[59,330,-38],
[60,330,-38],
[61,330,-38],
[62,330,-38],
[63,330,-38],
[64,330,-38],
[65,330,-38],
[66,330,-38],
[67,335,-38],
[68,335,-38],
[69,335,-38],
[70,335,-38],
[71,335,-38],
[72,335,-38],
[73,335,-38],
[74,335,-38],
[75,340,-38],
[76,340,-38],
[77,340,-38],
[78,340,-38],
[79,340,-38],
[80,340,-38],
[81,340,-38],
[82,340,-38],
[14,345,-39],
[16,345,-39],
[17,345,-39],
[18,345,-39],
[21,345,-39],
[25,345,-39],
[26,345,-39],
[27,345,-39],
[28,350,-39],
[29,350,-39],
[30,350,-39],
[31,350,-39],
[32,350,-39],
[33,350,-39],
[34,350,-39],
[35,350,-39],
[36,355,-39],
[37,355,-39],
[38,355,-39],
[39,355,-39],
[40,355,-39],
[41,355,-39],
[42,355,-39],
[43,355,-39],
[44,360,-39],
[45,360,-39],
[46,360,-39],
[47,360,-39],
[49,360,-39],
[52,360,-39],
[53,360,-39],
[54,360,-39],
[55,365,-39],
[56,365,-39],
[57,365,-39],
[58,365,-39],
[59,365,-39],
[60,365,-39],
[61,365,-39],
[62,365,-39],
[63,370,-39],
[64,370,-39],
[65,370,-39],
[66,370,-39],
[67,370,-39],
[68,370,-39],
[69,370,-39],
[70,370,-39],
[71,375,-39],
[72,375,-39],
[73,375,-39],
[74,375,-39],
[75,375,-39],
[76,375,-39],
[77,375,-39],
[78,375,-39],
[79,380,-39],
[80,380,-39],
[81,380,-39],
[82,380,-39],
[83,380,-39],
[84,380,-39],
[26,380,-40],
[27,380,-40],
[28,385,-40],
[29,385,-40],
[30,385,-40],
[31,385,-40],
[35,385,-40],
[36,385,-40],
[37,385,-40],
[38,385,-40],
[39,390,-40],
[40,390,-40],
[42,390,-40],
[44,390,-40],
[45,390,-40],
[46,390,-40],
[53,390,-40],
[54,390,-40],
[55,395,-40],
[56,395,-40],
[57,395,-40],
[58,395,-40],
[59,395,-40],
[60,395,-40],
[61,395,-40],
[62,395,-40],
[63,400,-40],
[64,400,-40],
[65,400,-40],
[66,400,-40],
[67,400,-40],
[68,400,-40],
[69,400,-40],
[70,400,-40],
[71,405,-40],
[72,405,-40],
[73,405,-40],
[74,405,-40],
[75,405,-40],
[76,405,-40],
[77,405,-40],
[78,405,-40],
[79,410,-40],
[80,410,-40],
[81,410,-40],
[82,410,-40],
[83,410,-40],
[84,410,-40],
[12,410,-41],
[14,410,-41],
[16,415,-41],
[25,415,-41],
[26,415,-41],
[27,415,-41],
[28,415,-41],
[29,415,-41],
[30,415,-41],
[35,415,-41],
[36,420,-41],
[37,420,-41],
[38,420,-41],
[39,420,-41],
[40,420,-41],
[42,420,-41],
[43,420,-41],
[44,420,-41],
[45,425,-41],
[46,425,-41],
[47,425,-41],
[53,425,-41],
[54,425,-41],
[55,425,-41],
[56,425,-41],
[57,425,-41],
[58,430,-41],
[59,430,-41],
[60,430,-41],
[61,430,-41],
[62,430,-41],
[63,430,-41],
[66,430,-41],
[67,430,-41],
[68,435,-41],
[69,435,-41],
[70,435,-41],
[71,435,-41],
[72,435,-41],
[73,435,-41],
[74,435,-41],
[75,435,-41],
[76,440,-41],
[77,440,-41],
[78,440,-41],
[79,440,-41],
[80,440,-41],
[81,440,-41],
[82,440,-41],
[83,440,-41],
[84,445,-41],
[85,445,-41],
[87,445,-41],
[21,445,-42],
[24,445,-42],
[25,445,-42],
[26,445,-42],
[27,445,-42],
[28,450,-42],
[35,450,-42],
[36,450,-42],
[37,450,-42],
[38,450,-42],
[40,450,-42],
[42,450,-42],
[43,450,-42],
[44,455,-42],
[45,455,-42],
[46,455,-42],
[47,455,-42],
[48,455,-42],
[49,455,-42],
[54,455,-42],
[56,455,-42],
[57,460,-42],
[58,460,-42],
[59,460,-42],
[60,460,-42],
[61,460,-42],
[62,460,-42],
[63,460,-42],
[68,460,-42],
[69,465,-42],
[70,465,-42],
[71,465,-42],
[72,465,-42],
[73,465,-42],
[74,465,-42],
[75,465,-42],
[76,465,-42],
[77,470,-42],
[78,470,-42],
[79,470,-42],
[80,470,-42],
[81,470,-42],
[82,470,-42],
[83,470,-42],
[84,470,-42],
[85,475,-42],
[86,475,-42],
[87,475,-42],
[24,475,-43],
[25,475,-43],
[26,475,-43],
[35,475,-43],
[36,475,-43],
[37,480,-43],
[42,480,-43],
[43,480,-43],
[44,480,-43],
[45,480,-43],
[46,480,-43],
[47,480,-43],
[48,480,-43],
[49,485,-43],
[50,485,-43],
[51,485,-43],
[52,485,-43],
[54,485,-43],
[55,485,-43],
[59,485,-43],
[60,485,-43],
[61,490,-43],
[62,490,-43],
[63,490,-43],
[70,490,-43],
[71,490,-43],
[72,490,-43],
[73,490,-43],
[74,490,-43],
[75,495,-43],
[76,495,-43],
[77,495,-43],
[78,495,-43],
[79,495,-43],
[80,495,-43],
[81,495,-43],
[82,495,-43],
[83,500,-43],
[84,500,-43],
[85,500,-43],
[86,500,-43],
[87,500,-43],
[9,500,-44],
[14,500,-44],
[21,500,-44],
[22,505,-44],
[23,505,-44],
[24,505,-44],
[25,505,-44],
[26,505,-44],
[35,505,-44],
[36,505,-44],
[37,505,-44],
[40,510,-44],
[41,510,-44],
[42,510,-44],
[43,510,-44],
[44,510,-44],
[45,510,-44],
[46,510,-44],
[47,510,-44],
[48,515,-44],
[49,515,-44],
[50,515,-44],
[51,515,-44],
[52,515,-44],
[53,515,-44],
[54,515,-44],
[55,515,-44],
[56,520,-44],
[57,520,-44],
[58,520,-44],
[59,520,-44],
[60,520,-44],
[61,520,-44],
[62,520,-44],
[63,520,-44],
[68,525,-44],
[70,525,-44],
[71,525,-44],
[72,525,-44],
[73,525,-44],
[74,525,-44],
[75,525,-44],
[76,525,-44],
[77,530,-44],
[78,530,-44],
[79,530,-44],
[80,530,-44],
[81,530,-44],
[82,530,-44],
[83,530,-44],
[84,530,-44],
[85,535,-44],
[86,535,-44],
[87,535,-44],
[88,535,-44],
[89,535,-44],
[90,535,-44],
[92,535,-44],
[94,535,-44],
[21,540,-45],
[23,540,-45],
[24,540,-45],
[35,540,-45],
[36,540,-45],
[42,540,-45],
[43,540,-45],
[44,540,-45],
[45,545,-45],
[46,545,-45],
[47,545,-45],
[48,545,-45],
[49,545,-45],
[50,545,-45],
[51,545,-45],
[52,545,-45],
[53,550,-45],
[54,550,-45],
[55,550,-45],
[56,550,-45],
[59,550,-45],
[61,550,-45],
[62,550,-45],
[63,550,-45],
[73,555,-45],
[74,555,-45],
[75,555,-45],
[76,555,-45],
[77,555,-45],
[78,555,-45],
[79,555,-45],
[80,555,-45],
[81,560,-45],
[82,560,-45],
[83,560,-45],
[84,560,-45],
[85,560,-45],
[86,560,-45],
[87,560,-45],
[88,560,-45],
[89,565,-45],
[19,565,-46],
[20,565,-46],
[21,565,-46],
[22,565,-46],
[23,565,-46],
[24,565,-46],
[35,565,-46],
[36,570,-46],
[37,570,-46],
[42,570,-46],
[43,570,-46],
[44,570,-46],
[45,570,-46],
[46,570,-46],
[47,570,-46],
[48,575,-46],
[49,575,-46],
[50,575,-46],
[51,575,-46],
[52,575,-46],
[53,575,-46],
[54,575,-46],
[55,575,-46],
[56,580,-46],
[60,580,-46],
[61,580,-46],
[62,580,-46],
[63,580,-46],
[73,580,-46],
[74,580,-46],
[75,580,-46],
[76,585,-46],
[77,585,-46],
[78,585,-46],
[79,585,-46],
[80,585,-46],
[81,585,-46],
[82,585,-46],
[83,585,-46],
[84,590,-46],
[85,590,-46],
[86,590,-46],
[87,590,-46],
[88,590,-46],
[89,590,-46],
[90,590,-46],
[91,590,-46],
[92,595,-46],
[94,595,-46],
[19,595,-47],
[20,595,-47],
[21,595,-47],
[22,595,-47],
[23,595,-47],
[35,595,-47],
[36,600,-47],
[44,600,-47],
[45,600,-47],
[46,600,-47],
[47,600,-47],
[48,600,-47],
[49,600,-47],
[50,600,-47],
[51,605,-47],
[52,605,-47],
[53,605,-47],
[54,605,-47],
[60,605,-47],
[61,605,-47],
[62,605,-47],
[74,605,-47],
[75,610,-47],
[76,610,-47],
[77,610,-47],
[78,610,-47],
[79,610,-47],
[80,610,-47],
[81,610,-47],
[82,610,-47],
[83,615,-47],
[84,615,-47],
[85,615,-47],
[86,615,-47],
[87,615,-47],
[88,615,-47],
[89,615,-47],
[90,615,-47],
[91,620,-47],
[92,620,-47],
[18,620,-48],
[19,620,-48],
[20,620,-48],
[21,620,-48],
[35,620,-48],
[44,620,-48],
[45,625,-48],
[46,625,-48],
[47,625,-48],
[48,625,-48],
[49,625,-48],
[50,625,-48],
[51,625,-48],
[52,625,-48],
[60,630,-48],
[61,630,-48],
[62,630,-48],
[73,630,-48],
[74,630,-48],
[75,630,-48],
[76,630,-48],
[77,630,-48],
[78,635,-48],
[79,635,-48],
[80,635,-48],
[81,635,-48],
[82,635,-48],
[83,635,-48],
[84,635,-48],
[85,635,-48],
[86,640,-48],
[87,640,-48],
[88,640,-48],
[89,640,-48],
[90,640,-48],
[91,640,-48],
[92,640,-48],
[18,640,-49],
[19,645,-49],
[20,645,-49],
[21,645,-49],
[36,645,-49],
[37,645,-49],
[45,645,-49],
[46,645,-49],
[47,645,-49],
[48,650,-49],
[49,650,-49],
[50,650,-49],
[51,650,-49],
[58,650,-49],
[59,650,-49],
[60,650,-49],
[61,650,-49],
[62,655,-49],
[74,655,-49],
[75,655,-49],
[76,655,-49],
[77,655,-49],
[78,655,-49],
[79,655,-49],
[80,655,-49],
[81,660,-49],
[82,660,-49],
[83,660,-49],
[84,660,-49],
[85,660,-49],
[86,660,-49],
[87,660,-49],
[89,660,-49],
[90,665,-49],
[91,665,-49],
[92,665,-49],
[94,665,-49],
[18,665,-50],
[19,665,-50],
[37,665,-50],
[59,665,-50],
[60,670,-50],
[61,670,-50],
[75,670,-50],
[78,670,-50],
[80,670,-50],
[81,670,-50],
[82,670,-50],
[83,670,-50],
[84,675,-50],
[85,675,-50],
[86,675,-50],
[87,675,-50],
[88,675,-50],
[89,675,-50],
[16,675,-51],
[17,675,-51],
[18,680,-51],
[21,680,-51],
[37,680,-51],
[38,680,-51],
[47,680,-51],
[59,680,-51],
[60,680,-51],
[61,680,-51],
[73,685,-51],
[75,685,-51],
[77,685,-51],
[78,685,-51],
[79,685,-51],
[80,685,-51],
[81,685,-51],
[82,685,-51],
[83,690,-51],
[84,690,-51],
[85,690,-51],
[87,690,-51],
[88,690,-51],
[89,690,-51],
[90,690,-51],
[91,690,-51],
[92,695,-51],
[94,695,-51],
[38,695,-52],
[59,695,-52],
[60,695,-52],
[77,695,-52],
[78,695,-52],
[79,695,-52],
[80,700,-52],
[84,700,-52],
[85,700,-52],
[86,700,-52],
[87,700,-52],
[89,700,-52],
[38,700,-53],
[39,700,-53],
[40,705,-53],
[58,705,-53],
[59,705,-53],
[60,705,-53],
[76,705,-53],
[77,705,-53],
[78,705,-53],
[79,705,-53],
[80,710,-53],
[81,710,-53],
[85,710,-53],
[86,710,-53],
[87,710,-53],
[88,710,-53],
[89,710,-53],
[90,710,-53],
[39,715,-54],
[40,715,-54],
[58,715,-54],
[59,715,-54],
[75,715,-54],
[76,715,-54],
[77,715,-54],
[78,715,-54],
[79,720,-54],
[80,720,-54],
[81,720,-54],
[82,720,-54],
[88,720,-54],
[89,720,-54],
[92,720,-54],
[40,720,-55],
[41,725,-55],
[42,725,-55],
[56,725,-55],
[57,725,-55],
[77,725,-55],
[78,725,-55],
[79,725,-55],
[80,725,-55],
[81,730,-55],
[40,730,-56],
[41,730,-56],
[42,730,-56],
[43,730,-56],
[44,730,-56],
[47,730,-56],
[54,730,-56],
[56,735,-56],
[75,735,-56],
[77,735,-56],
[78,735,-56],
[80,735,-56],
[82,735,-56],
[84,735,-56],
[44,735,-57],
[45,740,-57],
[47,740,-57],
[52,740,-57],
[54,740,-57],
[80,740,-57],
[44,740,-58],
[45,740,-58],
[46,740,-58],
[47,745,-58],
[48,745,-58],
[49,745,-58],
[50,745,-58],
[51,745,-58],
[52,745,-58],
[54,745,-58],
[75,745,-58],
[78,750,-58],
[80,750,-58],
[82,750,-58],
[61,750,-62],
[63,750,-62],
[33,750,-63],
[41,750,-63],
[61,750,-63],
[63,755,-63],
[64,755,-63],
[66,755,-63],
[73,755,-63],
[33,755,-64],
[41,755,-64],
[64,755,-64],
[73,755,-64],
[33,760,-65],
[35,760,-65],
[41,760,-65],
[42,760,-65],
[43,760,-65],
[52,760,-65],
[53,760,-65],
[57,760,-65],
[65,765,-65],
[67,765,-65],
[75,765,-65],
[35,765,-66],
[42,765,-66],
[52,765,-66],
[65,765,-66],
[35,765,-67],
[42,770,-67],
[52,770,-67],
[58,770,-67],
[41,770,-68],
[42,770,-68],
[48,770,-68],
[54,770,-68],
[56,770,-68],
[65,775,-68],
[66,775,-68],
[40,775,-70],
[42,775,-70],
[54,775,-70],
[66,775,-70],
];
