test = scale*[
[30,0,-23],
[31,0,-23],
[32,0,-23],
[33,0,-23],
[34,0,-23],
[35,0,-23],
[36,0,-23],
[37,0,-23],
[38,0,-23],
[39,0,-23],
[40,0,-23],
[29,0,-24],
[30,0,-24],
[31,0,-24],
[37,0,-24],
[38,0,-24],
[39,0,-24],
[40,0,-24],
[41,0,-24],
[27,0,-25],
[28,0,-25],
[29,0,-25],
[30,0,-25],
[39,0,-25],
[40,0,-25],
[41,0,-25],
[42,0,-25],
[25,0,-26],
[26,0,-26],
[27,0,-26],
[42,0,-26],
[43,0,-26],
[24,0,-27],
[25,0,-27],
[43,0,-27],
[44,0,-27],
[23,0,-28],
[24,0,-28],
[43,0,-28],
[44,0,-28],
[22,0,-29],
[23,0,-29],
[44,0,-29],
[21,0,-30],
[22,0,-30],
[23,0,-30],
[44,0,-30],
[21,0,-31],
[22,0,-31],
[44,0,-31],
[20,0,-32],
[21,0,-32],
[43,0,-32],
[44,0,-32],
[20,0,-33],
[43,0,-33],
[44,0,-33],
[19,0,-34],
[27,0,-34],
[28,0,-34],
[29,0,-34],
[43,0,-34],
[44,0,-34],
[19,0,-35],
[27,0,-35],
[28,0,-35],
[29,0,-35],
[43,0,-35],
[19,0,-36],
[20,0,-36],
[27,0,-36],
[28,0,-36],
[29,0,-36],
[42,0,-36],
[43,0,-36],
[20,0,-37],
[25,0,-37],
[26,0,-37],
[27,0,-37],
[28,0,-37],
[42,0,-37],
[20,0,-38],
[21,0,-38],
[24,0,-38],
[25,0,-38],
[26,0,-38],
[27,0,-38],
[28,0,-38],
[41,0,-38],
[42,0,-38],
[65,0,-38],
[22,0,-39],
[23,0,-39],
[24,0,-39],
[25,0,-39],
[26,0,-39],
[27,0,-39],
[41,0,-39],
[64,0,-39],
[66,0,-39],
[67,0,-39],
[26,0,-40],
[27,0,-40],
[40,0,-40],
[41,0,-40],
[61,0,-40],
[62,0,-40],
[64,0,-40],
[67,0,-40],
[68,0,-40],
[70,0,-40],
[71,0,-40],
[72,0,-40],
[73,0,-40],
[26,0,-41],
[39,0,-41],
[40,0,-41],
[60,0,-41],
[63,0,-41],
[64,0,-41],
[68,0,-41],
[74,0,-41],
[75,0,-41],
[25,0,-42],
[26,0,-42],
[38,0,-42],
[39,0,-42],
[60,0,-42],
[64,0,-42],
[65,0,-42],
[76,0,-42],
[77,0,-42],
[25,0,-43],
[38,0,-43],
[60,0,-43],
[63,0,-43],
[78,0,-43],
[79,0,-43],
[80,0,-43],
[25,0,-44],
[37,0,-44],
[60,0,-44],
[63,0,-44],
[69,0,-44],
[70,0,-44],
[71,0,-44],
[72,0,-44],
[80,0,-44],
[24,0,-45],
[25,0,-45],
[36,0,-45],
[60,0,-45],
[63,0,-45],
[64,0,-45],
[70,0,-45],
[71,0,-45],
[72,0,-45],
[73,0,-45],
[80,0,-45],
[24,0,-46],
[36,0,-46],
[60,0,-46],
[63,0,-46],
[64,0,-46],
[79,0,-46],
[24,0,-47],
[35,0,-47],
[58,0,-47],
[59,0,-47],
[63,0,-47],
[79,0,-47],
[24,0,-48],
[35,0,-48],
[56,0,-48],
[57,0,-48],
[58,0,-48],
[72,0,-48],
[73,0,-48],
[79,0,-48],
[24,0,-49],
[35,0,-49],
[40,0,-49],
[41,0,-49],
[42,0,-49],
[43,0,-49],
[44,0,-49],
[45,0,-49],
[46,0,-49],
[47,0,-49],
[48,0,-49],
[49,0,-49],
[50,0,-49],
[51,0,-49],
[52,0,-49],
[53,0,-49],
[54,0,-49],
[55,0,-49],
[56,0,-49],
[71,0,-49],
[74,0,-49],
[75,0,-49],
[77,0,-49],
[78,0,-49],
[24,0,-50],
[36,0,-50],
[37,0,-50],
[38,0,-50],
[39,0,-50],
[47,0,-50],
[48,0,-50],
[49,0,-50],
[50,0,-50],
[51,0,-50],
[72,0,-50],
[73,0,-50],
[74,0,-50],
[77,0,-50],
[78,0,-50],
[79,0,-50],
[89,0,-50],
[90,0,-50],
[91,0,-50],
[92,0,-50],
[93,0,-50],
[24,0,-51],
[75,0,-51],
[76,0,-51],
[77,0,-51],
[80,0,-51],
[81,0,-51],
[82,0,-51],
[83,0,-51],
[86,0,-51],
[87,0,-51],
[88,0,-51],
[92,0,-51],
[93,0,-51],
[24,0,-52],
[72,0,-52],
[73,0,-52],
[74,0,-52],
[75,0,-52],
[84,0,-52],
[85,0,-52],
[91,0,-52],
[92,0,-52],
[93,0,-52],
[94,0,-52],
[24,0,-53],
[25,0,-53],
[72,0,-53],
[73,0,-53],
[74,0,-53],
[86,0,-53],
[87,0,-53],
[88,0,-53],
[89,0,-53],
[91,0,-53],
[92,0,-53],
[93,0,-53],
[25,0,-54],
[26,0,-54],
[29,0,-54],
[72,0,-54],
[73,0,-54],
[74,0,-54],
[75,0,-54],
[76,0,-54],
[77,0,-54],
[78,0,-54],
[79,0,-54],
[80,0,-54],
[81,0,-54],
[82,0,-54],
[83,0,-54],
[84,0,-54],
[85,0,-54],
[86,0,-54],
[87,0,-54],
[88,0,-54],
[89,0,-54],
[90,0,-54],
[91,0,-54],
[92,0,-54],
[25,0,-55],
[26,0,-55],
[28,0,-55],
[29,0,-55],
[66,0,-55],
[67,0,-55],
[71,0,-55],
[72,0,-55],
[73,0,-55],
[74,0,-55],
[75,0,-55],
[76,0,-55],
[77,0,-55],
[78,0,-55],
[79,0,-55],
[80,0,-55],
[81,0,-55],
[83,0,-55],
[84,0,-55],
[85,0,-55],
[86,0,-55],
[87,0,-55],
[88,0,-55],
[26,0,-56],
[27,0,-56],
[28,0,-56],
[68,0,-56],
[69,0,-56],
[70,0,-56],
[71,0,-56],
[72,0,-56],
[73,0,-56],
[74,0,-56],
[75,0,-56],
[76,0,-56],
[77,0,-56],
[78,0,-56],
[79,0,-56],
[84,0,-56],
[85,0,-56],
[27,0,-57],
[70,0,-57],
[71,0,-57],
[72,0,-57],
[75,0,-57],
[76,0,-57],
[77,0,-57],
[78,0,-57],
[84,0,-57],
[85,0,-57],
[26,0,-58],
[27,0,-58],
[60,0,-58],
[85,0,-58],
[26,0,-59],
[58,0,-59],
[59,0,-59],
[60,0,-59],
[84,0,-59],
[85,0,-59],
[25,0,-60],
[26,0,-60],
[55,0,-60],
[56,0,-60],
[57,0,-60],
[58,0,-60],
[59,0,-60],
[60,0,-60],
[84,0,-60],
[85,0,-60],
[25,0,-61],
[44,0,-61],
[57,0,-61],
[58,0,-61],
[61,0,-61],
[78,0,-61],
[79,0,-61],
[80,0,-61],
[81,0,-61],
[82,0,-61],
[83,0,-61],
[84,0,-61],
[24,0,-62],
[25,0,-62],
[44,0,-62],
[61,0,-62],
[62,0,-62],
[77,0,-62],
[78,0,-62],
[22,0,-63],
[23,0,-63],
[44,0,-63],
[60,0,-63],
[61,0,-63],
[75,0,-63],
[76,0,-63],
[21,0,-64],
[43,0,-64],
[44,0,-64],
[45,0,-64],
[46,0,-64],
[47,0,-64],
[48,0,-64],
[49,0,-64],
[50,0,-64],
[51,0,-64],
[52,0,-64],
[53,0,-64],
[54,0,-64],
[55,0,-64],
[56,0,-64],
[58,0,-64],
[59,0,-64],
[60,0,-64],
[61,0,-64],
[62,0,-64],
[63,0,-64],
[64,0,-64],
[65,0,-64],
[73,0,-64],
[74,0,-64],
[75,0,-64],
[14,0,-65],
[15,0,-65],
[16,0,-65],
[17,0,-65],
[18,0,-65],
[19,0,-65],
[20,0,-65],
[42,0,-65],
[43,0,-65],
[44,0,-65],
[45,0,-65],
[46,0,-65],
[47,0,-65],
[48,0,-65],
[49,0,-65],
[50,0,-65],
[51,0,-65],
[52,0,-65],
[53,0,-65],
[54,0,-65],
[55,0,-65],
[56,0,-65],
[57,0,-65],
[58,0,-65],
[66,0,-65],
[67,0,-65],
[68,0,-65],
[69,0,-65],
[70,0,-65],
[71,0,-65],
[72,0,-65],
[13,0,-66],
[14,0,-66],
[15,0,-66],
[16,0,-66],
[17,0,-66],
[18,0,-66],
[19,0,-66],
[20,0,-66],
[36,0,-66],
[41,0,-66],
[42,0,-66],
[43,0,-66],
[44,0,-66],
[45,0,-66],
[12,0,-67],
[13,0,-67],
[14,0,-67],
[15,0,-67],
[16,0,-67],
[17,0,-67],
[18,0,-67],
[19,0,-67],
[26,0,-67],
[27,0,-67],
[28,0,-67],
[29,0,-67],
[30,0,-67],
[31,0,-67],
[32,0,-67],
[33,0,-67],
[34,0,-67],
[40,0,-67],
[41,0,-67],
[42,0,-67],
[43,0,-67],
[44,0,-67],
[45,0,-67],
[12,0,-68],
[13,0,-68],
[14,0,-68],
[15,0,-68],
[16,0,-68],
[17,0,-68],
[18,0,-68],
[24,0,-68],
[25,0,-68],
[26,0,-68],
[27,0,-68],
[28,0,-68],
[29,0,-68],
[30,0,-68],
[31,0,-68],
[32,0,-68],
[36,0,-68],
[37,0,-68],
[38,0,-68],
[39,0,-68],
[40,0,-68],
[41,0,-68],
[42,0,-68],
[43,0,-68],
[17,0,-69],
[18,0,-69],
[23,0,-69],
[24,0,-69],
[25,0,-69],
[30,0,-69],
[31,0,-69],
[32,0,-69],
[33,0,-69],
[34,0,-69],
[35,0,-69],
[36,0,-69],
[37,0,-69],
[38,0,-69],
[39,0,-69],
[40,0,-69],
[15,0,-70],
[16,0,-70],
[22,0,-70],
[12,0,-71],
[13,0,-71],
[14,0,-71],
[20,0,-71],
[21,0,-71],
[11,0,-72],
[12,0,-72],
[19,0,-72],
[20,0,-72],
[10,0,-73],
[18,0,-73],
[19,0,-73],
[10,0,-74],
[11,0,-74],
[17,0,-74],
[18,0,-74],
[11,0,-75],
[12,0,-75],
[16,0,-75],
[17,0,-75],
[12,0,-76],
[13,0,-76],
[14,0,-76],
[15,0,-76],
];
