test = scale*[
[30,80,-23],
[31,85,-23],
[32,27,-23],
[33,91,-23],
[34,70,-23],
[35,63,-23],
[36,61,-23],
[37,25,-23],
[38,10,-23],
[39,80,-23],
[40,23,-23],
[29,22,-24],
[30,81,-24],
[31,27,-24],
[37,30,-24],
[38,61,-24],
[39,88,-24],
[40,17,-24],
[41,93,-24],
[27,49,-25],
[28,38,-25],
[29,65,-25],
[30,9,-25],
[39,30,-25],
[40,3,-25],
[41,15,-25],
[42,94,-25],
[25,5,-26],
[26,26,-26],
[27,69,-26],
[42,39,-26],
[43,35,-26],
[24,46,-27],
[25,9,-27],
[43,40,-27],
[44,83,-27],
[23,44,-28],
[24,60,-28],
[43,14,-28],
[44,81,-28],
[22,42,-29],
[23,76,-29],
[44,51,-29],
[21,68,-30],
[22,20,-30],
[23,10,-30],
[44,72,-30],
[21,27,-31],
[22,90,-31],
[44,63,-31],
[20,78,-32],
[21,68,-32],
[43,92,-32],
[44,7,-32],
[20,77,-33],
[43,67,-33],
[44,68,-33],
[19,8,-34],
[27,57,-34],
[28,67,-34],
[29,59,-34],
[43,46,-34],
[44,32,-34],
[19,38,-35],
[27,92,-35],
[28,27,-35],
[29,54,-35],
[43,78,-35],
[19,34,-36],
[20,72,-36],
[27,91,-36],
[28,39,-36],
[29,57,-36],
[42,87,-36],
[43,100,-36],
[20,20,-37],
[25,66,-37],
[26,10,-37],
[27,35,-37],
[28,21,-37],
[42,0,-37],
[20,33,-38],
[21,15,-38],
[24,68,-38],
[25,71,-38],
[26,21,-38],
[27,97,-38],
[28,94,-38],
[41,80,-38],
[42,3,-38],
[65,44,-38],
[22,77,-39],
[23,15,-39],
[24,52,-39],
[25,8,-39],
[26,56,-39],
[27,8,-39],
[41,75,-39],
[64,6,-39],
[66,37,-39],
[67,76,-39],
[26,5,-40],
[27,100,-40],
[40,53,-40],
[41,83,-40],
[61,50,-40],
[62,9,-40],
[64,63,-40],
[67,76,-40],
[68,50,-40],
[70,72,-40],
[71,24,-40],
[72,27,-40],
[73,54,-40],
[26,33,-41],
[39,50,-41],
[40,81,-41],
[60,39,-41],
[63,25,-41],
[64,94,-41],
[68,17,-41],
[74,4,-41],
[75,18,-41],
[25,86,-42],
[26,15,-42],
[38,16,-42],
[39,72,-42],
[60,75,-42],
[64,25,-42],
[65,0,-42],
[76,29,-42],
[77,89,-42],
[25,85,-43],
[38,27,-43],
[60,45,-43],
[63,82,-43],
[78,67,-43],
[79,64,-43],
[80,3,-43],
[25,55,-44],
[37,72,-44],
[60,63,-44],
[63,38,-44],
[69,90,-44],
[70,25,-44],
[71,21,-44],
[72,84,-44],
[80,17,-44],
[24,68,-45],
[25,12,-45],
[36,48,-45],
[60,88,-45],
[63,25,-45],
[64,40,-45],
[70,82,-45],
[71,81,-45],
[72,87,-45],
[73,92,-45],
[80,65,-45],
[24,60,-46],
[36,42,-46],
[60,50,-46],
[63,58,-46],
[64,39,-46],
[79,5,-46],
[24,33,-47],
[35,100,-47],
[58,30,-47],
[59,95,-47],
[63,91,-47],
[79,26,-47],
[24,65,-48],
[35,41,-48],
[56,82,-48],
[57,95,-48],
[58,52,-48],
[72,51,-48],
[73,62,-48],
[79,25,-48],
[24,75,-49],
[35,88,-49],
[40,80,-49],
[41,55,-49],
[42,22,-49],
[43,44,-49],
[44,57,-49],
[45,14,-49],
[46,68,-49],
[47,100,-49],
[48,17,-49],
[49,94,-49],
[50,45,-49],
[51,81,-49],
[52,2,-49],
[53,26,-49],
[54,72,-49],
[55,84,-49],
[56,50,-49],
[71,15,-49],
[74,53,-49],
[75,39,-49],
[77,63,-49],
[78,28,-49],
[24,11,-50],
[36,85,-50],
[37,81,-50],
[38,74,-50],
[39,50,-50],
[47,58,-50],
[48,5,-50],
[49,91,-50],
[50,53,-50],
[51,64,-50],
[72,4,-50],
[73,29,-50],
[74,49,-50],
[77,0,-50],
[78,3,-50],
[79,96,-50],
[89,96,-50],
[90,38,-50],
[91,56,-50],
[92,49,-50],
[93,98,-50],
[24,49,-51],
[75,62,-51],
[76,32,-51],
[77,22,-51],
[80,80,-51],
[81,54,-51],
[82,84,-51],
[83,50,-51],
[86,13,-51],
[87,37,-51],
[88,94,-51],
[92,100,-51],
[93,31,-51],
[24,54,-52],
[72,29,-52],
[73,58,-52],
[74,14,-52],
[75,17,-52],
[84,44,-52],
[85,1,-52],
[91,62,-52],
[92,32,-52],
[93,59,-52],
[94,37,-52],
[24,65,-53],
[25,96,-53],
[72,67,-53],
[73,53,-53],
[74,5,-53],
[86,24,-53],
[87,55,-53],
[88,46,-53],
[89,70,-53],
[91,88,-53],
[92,97,-53],
[93,45,-53],
[25,38,-54],
[26,13,-54],
[29,14,-54],
[72,57,-54],
[73,62,-54],
[74,51,-54],
[75,41,-54],
[76,4,-54],
[77,95,-54],
[78,67,-54],
[79,67,-54],
[80,44,-54],
[81,26,-54],
[82,4,-54],
[83,89,-54],
[84,2,-54],
[85,73,-54],
[86,83,-54],
[87,18,-54],
[88,79,-54],
[89,33,-54],
[90,34,-54],
[91,10,-54],
[92,94,-54],
[25,96,-55],
[26,93,-55],
[28,23,-55],
[29,6,-55],
[66,86,-55],
[67,57,-55],
[71,91,-55],
[72,100,-55],
[73,86,-55],
[74,60,-55],
[75,75,-55],
[76,56,-55],
[77,45,-55],
[78,0,-55],
[79,72,-55],
[80,73,-55],
[81,77,-55],
[83,66,-55],
[84,15,-55],
[85,49,-55],
[86,13,-55],
[87,45,-55],
[88,96,-55],
[26,77,-56],
[27,63,-56],
[28,55,-56],
[68,93,-56],
[69,0,-56],
[70,1,-56],
[71,83,-56],
[72,48,-56],
[73,31,-56],
[74,72,-56],
[75,12,-56],
[76,81,-56],
[77,57,-56],
[78,94,-56],
[79,68,-56],
[84,36,-56],
[85,68,-56],
[27,98,-57],
[70,79,-57],
[71,58,-57],
[72,31,-57],
[75,66,-57],
[76,1,-57],
[77,28,-57],
[78,58,-57],
[84,41,-57],
[85,85,-57],
[26,56,-58],
[27,58,-58],
[60,84,-58],
[85,30,-58],
[26,23,-59],
[58,26,-59],
[59,7,-59],
[60,88,-59],
[84,29,-59],
[85,91,-59],
[25,68,-60],
[26,44,-60],
[55,29,-60],
[56,25,-60],
[57,87,-60],
[58,74,-60],
[59,2,-60],
[60,91,-60],
[84,9,-60],
[85,68,-60],
[25,69,-61],
[44,52,-61],
[57,10,-61],
[58,98,-61],
[61,46,-61],
[78,69,-61],
[79,96,-61],
[80,70,-61],
[81,77,-61],
[82,91,-61],
[83,62,-61],
[84,65,-61],
[24,40,-62],
[25,34,-62],
[44,33,-62],
[61,15,-62],
[62,57,-62],
[77,31,-62],
[78,11,-62],
[22,28,-63],
[23,13,-63],
[44,94,-63],
[60,71,-63],
[61,23,-63],
[75,30,-63],
[76,26,-63],
[21,93,-64],
[43,53,-64],
[44,91,-64],
[45,100,-64],
[46,39,-64],
[47,96,-64],
[48,71,-64],
[49,80,-64],
[50,74,-64],
[51,57,-64],
[52,25,-64],
[53,64,-64],
[54,38,-64],
[55,38,-64],
[56,88,-64],
[58,41,-64],
[59,86,-64],
[60,18,-64],
[61,65,-64],
[62,39,-64],
[63,55,-64],
[64,5,-64],
[65,7,-64],
[73,31,-64],
[74,58,-64],
[75,10,-64],
[14,96,-65],
[15,63,-65],
[16,49,-65],
[17,51,-65],
[18,43,-65],
[19,15,-65],
[20,49,-65],
[42,86,-65],
[43,70,-65],
[44,79,-65],
[45,71,-65],
[46,81,-65],
[47,70,-65],
[48,24,-65],
[49,16,-65],
[50,11,-65],
[51,69,-65],
[52,71,-65],
[53,62,-65],
[54,36,-65],
[55,0,-65],
[56,83,-65],
[57,85,-65],
[58,42,-65],
[66,63,-65],
[67,16,-65],
[68,85,-65],
[69,54,-65],
[70,32,-65],
[71,74,-65],
[72,28,-65],
[13,87,-66],
[14,22,-66],
[15,51,-66],
[16,60,-66],
[17,87,-66],
[18,83,-66],
[19,43,-66],
[20,26,-66],
[36,1,-66],
[41,38,-66],
[42,33,-66],
[43,28,-66],
[44,66,-66],
[45,16,-66],
[12,52,-67],
[13,92,-67],
[14,18,-67],
[15,95,-67],
[16,80,-67],
[17,28,-67],
[18,55,-67],
[19,45,-67],
[26,20,-67],
[27,96,-67],
[28,37,-67],
[29,64,-67],
[30,64,-67],
[31,78,-67],
[32,84,-67],
[33,57,-67],
[34,13,-67],
[40,72,-67],
[41,55,-67],
[42,31,-67],
[43,87,-67],
[44,27,-67],
[45,57,-67],
[12,83,-68],
[13,77,-68],
[14,29,-68],
[15,72,-68],
[16,99,-68],
[17,43,-68],
[18,29,-68],
[24,31,-68],
[25,64,-68],
[26,65,-68],
[27,39,-68],
[28,58,-68],
[29,99,-68],
[30,2,-68],
[31,81,-68],
[32,67,-68],
[36,29,-68],
[37,5,-68],
[38,33,-68],
[39,42,-68],
[40,74,-68],
[41,27,-68],
[42,60,-68],
[43,100,-68],
[17,88,-69],
[18,9,-69],
[23,20,-69],
[24,7,-69],
[25,0,-69],
[30,93,-69],
[31,23,-69],
[32,51,-69],
[33,91,-69],
[34,63,-69],
[35,45,-69],
[36,25,-69],
[37,89,-69],
[38,71,-69],
[39,92,-69],
[40,44,-69],
[15,13,-70],
[16,42,-70],
[22,57,-70],
[12,17,-71],
[13,77,-71],
[14,8,-71],
[20,87,-71],
[21,96,-71],
[11,48,-72],
[12,100,-72],
[19,66,-72],
[20,91,-72],
[10,40,-73],
[18,71,-73],
[19,72,-73],
[10,28,-74],
[11,5,-74],
[17,2,-74],
[18,80,-74],
[11,11,-75],
[12,98,-75],
[16,11,-75],
[17,59,-75],
[12,57,-76],
[13,35,-76],
[14,15,-76],
[15,73,-76],
];
