output2 = scale*[
[15,14,-15],
[8,15,-15],
[6,7,-15],
[13,13,-15],
[7,11,-15],
[11,10,-15],
[12,6,-15],
[14,12,-15],
[10,9,-15],
[5,8,-15],
[9,5,-15],
[40,39,-16],
[37,37,-16],
[30,30,-16],
[29,41,-16],
[39,38,-16],
[38,40,-16],
[31,29,-16],
[41,31,-16],
[64,52,-17],
[54,64,-17],
[65,55,-17],
[52,54,-17],
[66,65,-17],
[53,66,-17],
[55,53,-17],
[67,67,-17],
[17,1,-19],
[18,18,-19],
[0,2,-19],
[2,0,-19],
[1,17,-19],
[25,43,-20],
[44,44,-20],
[24,25,-20],
[43,24,-20],
[68,69,-21],
[48,48,-21],
[69,49,-21],
[49,68,-21],
[72,72,-22],
[73,73,-22],
[19,19,-23],
[44,22,-24],
[22,44,-24],
[21,21,-24],
[23,23,-24],
[69,46,-25],
[47,47,-25],
[46,69,-25],
[71,71,-26],
[70,70,-26],
[18,18,-27],
[19,19,-27],
[44,43,-28],
[20,20,-28],
[43,44,-28],
[68,54,-29],
[53,53,-29],
[44,68,-29],
[52,69,-29],
[54,52,-29],
[69,44,-29],
[69,69,-30],
[2,2,-31],
[4,18,-31],
[18,3,-31],
[3,4,-31],
[19,20,-32],
[27,43,-32],
[28,19,-32],
[29,28,-32],
[42,27,-32],
[43,29,-32],
[20,42,-32],
[67,52,-33],
[45,51,-33],
[51,50,-33],
[52,45,-33],
[50,53,-33],
[53,67,-33],
[74,70,-34],
[70,71,-34],
[71,74,-34],
[0,0,-35],
[3,16,-35],
[2,2,-35],
[40,40,-35],
[17,3,-35],
[1,17,-35],
[16,1,-35],
[41,23,-36],
[24,24,-36],
[23,25,-36],
[22,66,-36],
[64,27,-36],
[66,26,-36],
[26,64,-36],
[27,41,-36],
[67,22,-36],
[25,67,-36],
[66,66,-37],
[51,65,-37],
[52,52,-37],
[65,51,-37],
[14,21,-38],
[12,14,-38],
[18,17,-38],
[22,22,-38],
[23,11,-38],
[21,20,-38],
[11,18,-38],
[17,12,-38],
[20,23,-38],
[35,15,-39],
[43,43,-39],
[50,39,-39],
[14,14,-39],
[39,49,-39],
[49,50,-39],
[1,38,-39],
[38,1,-39],
[15,35,-39],
[64,65,-40],
[60,26,-40],
[38,39,-40],
[39,60,-40],
[25,25,-40],
[26,38,-40],
[65,64,-40],
[50,1,-41],
[1,50,-41],
[2,63,-41],
[63,2,-41],
[10,29,-42],
[13,10,-42],
[28,13,-42],
[30,30,-42],
[29,28,-42],
[45,38,-43],
[35,44,-43],
[0,0,-43],
[46,45,-43],
[38,46,-43],
[44,47,-43],
[55,55,-43],
[12,35,-43],
[47,12,-43],
[64,36,-44],
[60,64,-44],
[71,25,-44],
[63,72,-44],
[70,73,-44],
[36,60,-44],
[24,71,-44],
[25,24,-44],
[73,63,-44],
[72,70,-44],
[61,61,-45],
[49,49,-45],
[5,5,-45],
[74,14,-46],
[10,13,-46],
[13,10,-46],
[14,29,-46],
[29,74,-46],
[33,38,-47],
[38,34,-47],
[54,10,-47],
[10,54,-47],
[34,33,-47],
[72,56,-48],
[73,72,-48],
[58,24,-48],
[24,58,-48],
[56,57,-48],
[57,73,-48],
[35,35,-48],
[73,65,-49],
[71,67,-49],
[74,69,-49],
[65,74,-49],
[67,72,-49],
[49,68,-49],
[72,66,-49],
[69,49,-49],
[4,73,-49],
[70,4,-49],
[60,60,-49],
[66,71,-49],
[68,70,-49],
[74,6,-50],
[4,0,-50],
[24,28,-50],
[1,4,-50],
[25,5,-50],
[0,3,-50],
[2,2,-50],
[21,21,-50],
[28,27,-50],
[3,1,-50],
[5,74,-50],
[6,25,-50],
[27,24,-50],
[66,64,-51],
[47,52,-51],
[68,24,-51],
[52,14,-51],
[67,53,-51],
[12,23,-51],
[53,66,-51],
[64,11,-51],
[54,48,-51],
[48,65,-51],
[25,68,-51],
[13,47,-51],
[24,12,-51],
[11,54,-51],
[26,67,-51],
[65,13,-51],
[14,49,-51],
[22,26,-51],
[23,25,-51],
[49,22,-51],
[24,24,-52],
[8,6,-53],
[18,1,-53],
[6,2,-53],
[49,8,-53],
[11,13,-53],
[7,0,-53],
[2,49,-53],
[1,12,-53],
[0,18,-53],
[17,7,-53],
[5,17,-53],
[12,5,-53],
[13,11,-53],
[42,44,-54],
[34,22,-54],
[25,23,-54],
[41,34,-54],
[74,43,-54],
[22,24,-54],
[24,74,-54],
[35,41,-54],
[44,35,-54],
[23,25,-54],
[43,42,-54],
[49,63,-55],
[61,49,-55],
[66,64,-55],
[48,68,-55],
[0,61,-55],
[47,48,-55],
[64,62,-55],
[68,66,-55],
[63,0,-55],
[67,67,-55],
[62,47,-55],
[74,73,-56],
[73,29,-56],
[25,26,-56],
[72,25,-56],
[29,74,-56],
[26,72,-56],
[0,51,-57],
[14,9,-57],
[16,2,-57],
[13,53,-57],
[12,5,-57],
[53,12,-57],
[1,8,-57],
[6,15,-57],
[10,7,-57],
[9,50,-57],
[7,1,-57],
[5,10,-57],
[8,13,-57],
[50,6,-57],
[2,0,-57],
[4,11,-57],
[17,4,-57],
[51,17,-57],
[15,16,-57],
[54,54,-57],
[11,14,-57],
[3,3,-57],
[21,35,-58],
[22,24,-58],
[27,27,-58],
[29,34,-58],
[38,31,-58],
[24,29,-58],
[31,17,-58],
[34,26,-58],
[17,22,-58],
[25,23,-58],
[37,28,-58],
[28,36,-58],
[23,25,-58],
[35,37,-58],
[36,38,-58],
[26,33,-58],
[30,21,-58],
[16,30,-58],
[33,16,-58],
[44,44,-59],
[47,49,-59],
[60,52,-59],
[46,51,-59],
[49,50,-59],
[43,43,-59],
[3,2,-59],
[51,54,-59],
[48,48,-59],
[53,46,-59],
[50,45,-59],
[45,59,-59],
[59,60,-59],
[1,47,-59],
[52,3,-59],
[2,53,-59],
[54,1,-59],
[70,27,-60],
[27,72,-60],
[71,70,-60],
[72,71,-60],
[1,52,-61],
[10,3,-61],
[0,9,-61],
[51,1,-61],
[9,2,-61],
[52,10,-61],
[2,0,-61],
[3,51,-61],
[35,10,-62],
[10,35,-62],
[33,33,-63],
[35,35,-63],
[60,59,-63],
[34,1,-63],
[59,34,-63],
[1,60,-63],
[55,60,-64],
[60,25,-64],
[26,56,-64],
[57,26,-64],
[59,55,-64],
[56,57,-64],
[25,58,-64],
[58,59,-64],
[69,50,-65],
[10,69,-65],
[50,10,-65],
[9,9,-65],
[31,28,-66],
[33,32,-66],
[34,74,-66],
[28,8,-66],
[29,34,-66],
[11,30,-66],
[74,31,-66],
[32,11,-66],
[8,29,-66],
[30,7,-66],
[7,33,-66],
[53,37,-67],
[0,19,-67],
[19,53,-67],
[37,52,-67],
[36,36,-67],
[52,0,-67],
[23,61,-68],
[44,23,-68],
[22,60,-68],
[61,44,-68],
[60,22,-68],
[73,0,-69],
[69,70,-69],
[71,1,-69],
[74,74,-69],
[46,69,-69],
[0,73,-69],
[1,72,-69],
[70,71,-69],
[68,68,-69],
[72,46,-69],
[69,10,-70],
[64,67,-70],
[2,6,-70],
[8,25,-70],
[65,9,-70],
[5,12,-70],
[0,23,-70],
[6,2,-70],
[15,64,-70],
[1,5,-70],
[9,66,-70],
[25,0,-70],
[11,24,-70],
[12,65,-70],
[67,70,-70],
[68,15,-70],
[14,11,-70],
[23,8,-70],
[13,13,-70],
[3,69,-70],
[70,68,-70],
[66,14,-70],
[10,4,-70],
[24,3,-70],
[4,1,-70],
[32,28,-71],
[19,25,-71],
[29,47,-71],
[21,19,-71],
[33,41,-71],
[46,18,-71],
[45,29,-71],
[43,42,-71],
[22,20,-71],
[26,31,-71],
[47,24,-71],
[20,44,-71],
[25,33,-71],
[42,27,-71],
[18,21,-71],
[41,22,-71],
[24,45,-71],
[31,43,-71],
[30,32,-71],
[28,26,-71],
[27,46,-71],
[23,30,-71],
[44,23,-71],
[17,17,-71],
[42,44,-72],
[14,16,-72],
[45,19,-72],
[18,17,-72],
[36,41,-72],
[16,20,-72],
[13,43,-72],
[41,36,-72],
[44,15,-72],
[19,18,-72],
[17,45,-72],
[15,14,-72],
[43,42,-72],
[20,13,-72],
[70,39,-73],
[44,59,-73],
[65,43,-73],
[37,69,-73],
[55,70,-73],
[53,68,-73],
[39,51,-73],
[58,56,-73],
[66,44,-73],
[51,67,-73],
[41,38,-73],
[57,57,-73],
[67,37,-73],
[54,55,-73],
[59,58,-73],
[38,54,-73],
[56,41,-73],
[42,40,-73],
[40,42,-73],
[68,66,-73],
[43,52,-73],
[52,65,-73],
[69,53,-73],
[67,64,-74],
[64,67,-74],
[63,65,-74],
[62,62,-74],
[74,66,-74],
[65,68,-74],
[66,63,-74],
[68,74,-74],
[2,17,-75],
[13,11,-75],
[17,1,-75],
[14,16,-75],
[11,5,-75],
[16,6,-75],
[1,18,-75],
[18,13,-75],
[7,0,-75],
[6,12,-75],
[3,14,-75],
[4,3,-75],
[0,7,-75],
[15,15,-75],
[5,4,-75],
[12,2,-75],
[34,25,-76],
[33,17,-76],
[24,23,-76],
[17,35,-76],
[35,24,-76],
[31,39,-76],
[40,36,-76],
[38,30,-76],
[39,40,-76],
[23,37,-76],
[32,34,-76],
[37,32,-76],
[25,38,-76],
[18,18,-76],
[36,31,-76],
[30,33,-76],
[47,40,-77],
[40,41,-77],
[41,47,-77],
[63,71,-78],
[70,62,-78],
[64,63,-78],
[62,64,-78],
[71,70,-78],
[12,12,-80],
[20,19,-80],
[19,20,-80],
[11,11,-80],
[35,43,-81],
[44,44,-81],
[43,35,-81],
[61,60,-82],
[60,68,-82],
[67,61,-82],
[68,67,-82],
[17,16,-84],
[11,11,-84],
[12,12,-84],
[16,17,-84],
[39,38,-85],
[40,37,-85],
[38,40,-85],
[37,39,-85],
\;
